1000
484840484048404848
424686464686420242
432101012101236343
616161616161616111
797535357535753131
535797975797531357
858585258585258525
159595151595151515
383838383838383838
159515151515151595
383838383838387838
232343454543212123
303630363630369696
969630369630303036
777777777777777777
212343234345656544
888888888888888888
515159595151515159
999999999999998999
595159595151515159
864686424646468642
545678989898765432
646420242024240424
747474141474141474
202468686864202420
383838383838383838
777777777777777777
626262626262626262
696963696363630363
963036969630303030
888888888888888888
838383838383838383
101010101010101012
101010123234545656
888888888888888888
737373737373737373
474747474747474141
787898987878987676
531357535313131313
383838383838383878
531357979757975313
414141414747414147
303036969630369696
727272727272727272
468686464686864202
567676765454543456
272727272727272727
951595959595158515
424686868686868686
616161616161616161
975757579753131313
969636963636963036
232345456545454567
852525252525852525
963696303036383696
898767654321232343
345676545454567892
313575313135353111
555555555555555555
343212321010101234
135353535313579753
222222222222222225
147414747474741414
353575797975753131
432121010123454543
737373737373737373
373737373737373737
258585852525258525
383838383838385838
468642020202025242
616161616161616161
975757535797531313
642024246864646864
630363030363036303
989876787654567898
505050505050505050
987898787654565671
262626262626262626
232323210101232101
234323432343234543
555555555555555555
383838383838383838
696369696969696969
868686468642424246
357975797535787979
585852585252525258
737373737373737373
878789878989898765
999999999999999999
727272727272727272
303630363030383630
444444444444444444
999999999999999999
262626262626262626
222222222222222222
741474741414147414
333333333333333333
494949494949494949
898987656765654345
975353131353131357
505050505050505050
363636303696369676
840404048404848104
141414741474147474
757579797979797975
737373737373737373
656567878767878989
434545654543456565
141474741474141414
848404840404840484
987876567876767678
858525858585858425
575313131357531357
444444444444444444
777777777777777777
969636969636963030
222222222222222222
975353535797979753
864686420246462686
202024202424642420
848484048484840484
444444444444444444
202020202424686464
999999999999999997
555555555555555555
989898787676789898
696303630369630303
494949494949494949
989876545656787898
242464202024202020
373737373737373737
432101234321012343
159595951515151515
747474141474741474
333333333333333333
864202024646868646
963030363030363036
121010101210101232
747414747414141444
864202024642024242
222222222222222222
432323432123434323
747474747414741414
888888888888888828
202468686864242464
505050505050505050
161616161616161616
484048404848484040
383838383838383838
595951515951515151
303630303036963696
210101210101012943
838383838383838383
303696963030363036
616161616161616161
676565434545651567
666666666666666666
222222222222222222
949494949494945494
444444444444404444
515159595159595151
666666666666666666
999999999999999399
616161616161616161
252585258585855585
585252525252525852
494949494949494969
432343456765654345
585258585852525252
595951595151515151
852585252525252585
373737373737373747
333333333333333339
999999999999999999
852585852525852585
959515951515959518
741414147474741414
202424646468644424
151515959515951515
989898989878789876
494949494949490949
444444444444444444
888888888888888888
878765456545432123
474147414141474747
333333333333333333
444444444444444444
840404040404048184
272727272727272727
321234321232101234
616161616161616191
494949494949494949
434543432345456717
444444444444444444
404848484040484048
878989878789898989
258585258525852585
321234543234565432
258585858585853525
864686468686868686
333333333333333339
949494949494949494
505050505050505050
111111111111111211
864246464246868686
234321234343210123
343456765676765456
303696303636969696
876543454321010101
494949494949494949
222222222222222226
494949494949495949
232321010101234565
868686868646818642
515951595159595959
567676767898767898
444444444444444444
252525258525252525
432345678767878767
565676545432101214
757535797575757575
595159515159515151
494949494949494949
383838383838383138
258525252525252585
373737373737373737
444444444444444444
565678989876545678
676765456767654545
838383838383838383
951515159595159515
313131313579797531
975757979797579797
565656765654321210
789898987676543434
959515951515159515
357979797975313135
101234345676567876
696303036303630369
678989878989898989
765454565432101010
444444444444444444
222222222222222225
989876767878989878
696303696969696963
222222222222222222
272727272727272727
505050505050505050
898987656567656787
525252525252585758
262626262626262626
545654565434323234
272727272727272720
111111111111111111
727272727272727272
969636969636963030
949494949494949499
414741474141434147
313535753575797975
404840404040484048
468642464202424646
131353131313531357
727272727272727272
252525852585858585
595159595951505951
345432345678989876
876545656543237345
696369630303636603
383838383838383838
420202424202424186
545676565456767654
484040404048484840
373737373737373737
159515959595959515
353131357975357979
969696969630363030
747474741414741414
989898787898989878
737373737373737373
123432343212121012
232101012121234321
159595951595151555
626262626262626262
555555555555555555
141474141474742414
747414141414747474
949494949494949494
131313135753131357
432343212101010121
444444444444444444
151515951515959595
656767876789898989
222222222222222222
741414141474748414
404048484048484040
474747474141474747
474747474741414741
878987676765678765
404040404048484048
272727272727272727
484040404048404040
789898787898767678
121010121234541434
525858585258585852
444444444444444444
505050505050505050
852525252525852525
161616161616161616
151595951595151515
234567656789898959
159515151595151595
111111111111111111
838383838383838380
474141414741414747
777777777777777777
999999999999999999
454565456543434345
505050505050505050
666666666666666666
575313131353131313
252525852525252527
567898989878765434
975357575313135797
420242024242464246
686864642468636424
555555555555555555
888888888888888888
898767656567654323
626262626262626262
864686868642024646
999999999999999999
353531353135797579
975357975313531313
212343232121010101
420202024242468686
151595151515951595
424202024646864646
888888888888888888
848484848484048409
303030369696969696
888888888888888888
864202468686420202
505050505050505050
135313579797531357
147414747414141414
262626262626262626
515951595159595959
616161616161676161
383838383838383838
696369636963660303
321234567654341678
101010101232121234
525858585852585258
212101232323434324
840484048404048484
741414747474747474
868642468642424202
313535753135797979
505050505050505050
666666666666666666
969630363696369636
131357975753131313
272727272727272725
888888888888888888
838383838383838383
414141414747474147
987656767898987898
626262626262626262
383838383838383838
531313131357975797
161616161616161616
121010123212345432
444444444444444444
202024686464686424
383838383838383838
222222222222222222
797979757579757979
858585258585250525
303030303036369696
888888888888888888
321012101210121012
555555555555555555
987678989878767828
696363036363096969
757531353575357975
222222222222222222
555555555555555555
727272727272727275
147474147414747274
141414747474141474
727272727272727272
696303630303696929
246468686868686864
676787654567656767
222222222222222222
494949494949491949
868686468646864686
959515151515159515
616161616161616161
949494949494949494
975757975353135757
840484040484848484
494949494949494949
151515959595152515
424202468646864686
666666666666666616
741474147414147474
999999999999999999
757575313535757575
959515159595159515
222222222222222222
676767876789898987
654545676767678786
333333333333333333
252585852585852585
741414747474741414
345432101234323212
555555555555555556
135357975797975797
838383838383838383
616161616161616161
987898765456765674
262626262626262126
494949494949494942
252525852525852525
585858585252525852
969696963030303036
505050505050505010
525858585858588858
777777777777777777
212121010101012343
852525252525252385
630369696969636303
424646468686818686
242024686424686864
135797575313579797
161616161616161616
424202020246420202
161616161616161616
420246424686428646
555555555555555555
616161616161616161
373737373737373737
636363030363636703
123212343434565654
303030303030303630
840404848484848484
234545678989876789
878989878789898787
555555555555525555
531357575353131357
135357975797979753
626262626262626262
321234323234543434
111111111111111111
222222222222222222
987676765656545654
525252525852525258
767898789898987676
959515959515159599
654345432101010323
626262626262626262
757979797979757975
975313531353579753
747474741474741474
505050505050505050
999999999999999999
272727272727272727
369696969630369030
616161616161616161
666666666666666666
840404848484048404
852585858585852525
161616161616161612
727272727272727276
888888888888888888
343454321012101010
383838383838385838
666666666666666666
353135313131353531
262626262626266626
787676787676765456
696969630369696969
858585258585252525
777777777777777777
404040404040444840
616161616161616163
864202020202024746
898767656767656787
787898789898767636
424642424686424202
353575353135357535
696369630369636969
333333333333303333
595159515951515959
161616161616161616
858585852585252586
616161616161616161
373737373737373737
444444444444444444
161616161616161616
272727272727272727
888888888888888888
951515151515959515
696363036963696969
494949494949494949
313531313131353135
161616161616161616
753531313135313131
357979797575753535
525858585252525252
838383838383838383
585252525258585852
159595959595159595
747474747414141414
951595959515159515
444444444444444444
353575757531313131
737373737373737373
531357979797975353
727272727272727272
765656567654595454
777777777777777777
345456789876565434
505050505050505050
838383838383838393
878987654321010121
474747414141474741
246420202464682024
272727272727272727
848404848404848484
474741414141474747
357975353579797579
272727272727271727
161616161616161616
246868646464202020
999999999999999999
975357979797579757
979797579797979797
121012321010101010
131353131357975357
454343454543432326
111111111111111111
272727272727272727
595151595151595951
757535753131357979
222222222222222222
878987876567654575
123432345434321010
989878987898767898
484848404040484040
494949494949494949
272727272727272725
505050505050505050
159595159595159595
383838383838323838
852585258585858588
888888888888888888
595951515951515159
373737373737373737
515959515951515955
949494949494941494
159515951515159595
161616161616161616
202024646468646868
333333333333333333
987676545456543212
852525852525258585
252525852525252525
494949494949494949
373737373737313737
535313131313131053
777777777777777777
210121232123434343
741414141414747414
222222222222222222
531357975353131357
858585852585268585
579753135313531313
321210123434323210
616161616161616161
848404840484040474
262626262626262126
555555555555555555
101234323434345431
525258585852525258
252525858585250525
727272727272727272
323232121010101012
975757975353575313
484040484040404240
963636303630303636
373737373737373737
959515151595151515
333333333333333233
262626262626262626
727272727272722272
975753135753135357
987678989898787676
494949494949494949
161616161616161616
626262626262626262
626262626262626262
737373737373737373
737373737373737373
696303636369696369
858525852585252525
741474741474147474
505050505050505050
949494949494949494
969636363036363036
373737373737373737
949494949494949494
333333333333333333
161616161616161616
654321012101232321
840404048404890404
252525858525858585
999999999999999999
432101210101212845
737373737373737373
111111111111111111
131353135797531313
484048484840484048
505050505050505050
898987676565456545
975797975797575313
565654345432323232
373737373737373737
161616161616161616
676789878789878987
840404048404040404
676767898987676523
531313135797979797
161616161616161612
878987878987856567
989898987876543456
987876543232123212
575353131313131313
383838383838383838
222222222222222222
333333333333333333
616161616161616161
975313131313575757
737373737373737393
202424246868642024
202424202020256864
272727272727272027
323234321210101012
789898987878789898
232101210123234343
494949494949494949
616161616161616161
949494949494949494
444444444444444444
369696303030329696
999999999999999999
868686424242020202
963030303696963030
272727272727272725
864242464246468686
444444444444444444
515151595159595159
432123432321210101
252525858525852585
987678987656565654
868642024646864686
747414147414747474
757531313535357975
737373737373737323
373737373737373737
210101210101010121
202424686864686864
987654323232100012
141414747474747474
434345676789898789
678989898989898989
262626262626262626
303636369636969630
159515159595151515
963030303036969696
864686464246420202
202020202020246868
789898767898987654
373737373737373737
616161616161616161
432345678787876543
797531353531315131
222222222222222222
147474147474141414
777777777777777777
678765678989808789
505050505050505050
515959515951515951
494949494949494949
616161616161616161
101234321232343210
161616161616161616
252525858525258525
999999999999999993
222222222222222222
383838383838383838
262626262626262626
678765656567898787
494949494949494949
555555555555555555
101212101012323432
727272727272727272
838383838383838386
484848404840484148
161616161616161616
121012321010101210
444444444444444444
727272727272727272
424246424202024202
777777777777773777
737373737373737373
676545654321212121
432123234321212123
159595959515951395
444444444444444444
595159515151595151
868642020242020202
232123210101234342
616161616161616161
626262626262626262
161616161616161616
515151515159515151
989878987898989870
515151515151595159
505050505050505057
979753535357575753
404040404840484848
999999999999989999
515151515159515159
765654545678765656
323432101232321012
595959595159595159
515959515951515961
626262626262626262
741474141474142414
565432323454323454
949494949494929494
630303630369696969
951515951515153595
420242464642020206
258525858585852525
357975797579757975
727272727272727272
646464686420202424
543210123456543210
727272727272727272
313579757975353135
161616161616161618
252585258585852585
515959515951515951
525252525258585252
161616161616161616
979797975313531357
246864242024202424
999999999999999999
345656545678787876
414141474741414147
737373737373737373
888888888888888888
494949494949494949
272727272727271727
147414141474741414
505050505050505050
565434343434321010
636969696369696969
383838383838383838
135797579753135353
987878789898787876
531353135353131313
555555555555555554
737373737373737373
303636963036979636
258525858525252525
838383838383838383
414741474141414741
545456543434345678
741474747414741474
111111111111111111
626262626262626262
222222222222222224
565654545654391232
272727272727272727
616161616161616163
531357979797975797
474741414741414707
161616161616161616
454567654321050101
151515951595951515
989898987678989879
454543456543434343
898787878989876765
864642424646464686
212101010121012323
949494949494949494
840404048404848404
878987676767678767
767876567676767898
272727272727272727
989898767876787878
468686864202020242
373737373737373737
545432343454343432
868686468646868646
737373737373737373
951515959515951595
456567676789871789
141474147414747014
630303030303696963
654321010121010123
838383838383838383
686864686864202020
525858525258585852
626262626262626262
353135757535797959
444444444444444444
777777777777777777
505050505050505050
840484840484040404
383838383838383838
727272727272727272
616161616161616161
840484040404840404
131357979753135313
321232321232343456
777777777777777770
757979757575313131
567878765678765434
252525852585852585
258525258525258585
765454545454343212
888888888888888888
369630363636303696
999999999999999999
741474747414141414
111111111111111111
777777777777777777
727272727272727272
555555555555555555
151515159595151595
999999999999999999
432101010101012323
567898989898987656
999999999999999999
234567678987676789
567678787676567672
555555555555555551
383838383838383838
333333333333333333
424242020246468646
444444444444444444
757531353135753131
494949494949494949
484840404048404040
888888888888888888
111111111111111111
765676543232121232
111111111111111111
595159515151595151
505050505050505070
868686464246864242
797975313131357979
313575797975313135
585858525852525858
888888888888888886
741414741474741474
626262626262626962
456567654565678187
666666666666666666
373737373737373737
595159595159515151
434323234345432321
616161616161616161
765432345434323212
210101012123452101
369630363696363036
666666666666666666
555555555555555555
135313135353535357
838383838383838383
626262626262626202
787898789898767898
515959515151535159
595159595959515151
666666666666666666
949494949494939494
951515151595151595
727272727272727272
747474741414747419
123434343232101212
737373737373737373
852585852585252525
161616161616161616
838383838383838383
494949494949494949
345454323454343210
630303630303036363
161616161616161616
111111111111111111
161616161616161616
404840484048404840
141414147414141474
543454321234323456
151515151595151915
232343456545432101
567678987878989828
222222222222222222
575753575313530357
468642024686464686
963036963036303636
975357575757975790
848404840404048404
543210101010101234
666666666666666666
494949494949494949
111111111111111117
131357979753531313
987898787898765654
383838383838388838
848404048484048484
222222222222282222
999999999999999999
333333333333333333
963036969696363636
949494949494949494
654565454323434343
161616161616161616
363696303636363696
959595951515159595
555555555555555555
545678789876543237
222222222222222222
404840404840404948
696969696303630303
858585252525858525
515151515151595159
222222222222222222
555555555555555555
456789876543210101
531313135797579797
121210121010121012
747474141414747474
989898765434543456
797535797979753535
383838383838383838
222222222222225222
747474147474741414
787656545654321010
210123234321212323
848484840484840404
737373737373737373
303696969636969896
147414741414147474
464686868646868686
252585258585858525
727272727272727277
369636303696363036
727272727272727272
840484040404040484
252585252585852525
494949494949494949
616161616161616161
505050505050505050
565456543212101232
999999999999999999
975313135753131357
963036303696363030
151595159595951565
636369696969636969
420202020246868642
626262626262626262
333333333333333333
357535757575797979
543456765456767898
979797579757535313
868686424242024632
494949494949494949
222222222222222222
975757575357535753
131357575357535363
525852525852525858
444444444444444444
999999999999999999
987656545654563234
878989898765454543
474741474747474141
555555555555555555
838383838383838383
321010123212321234
161616161616161616
111111111111111111
420202468686424656
141474147414147474
434321234543454321
963630303696963696
