100
739828123
405000000
782088852
20250
787320
248881890
28800000
118394465
393660
77760000
998109521
621934672
644576491
1200000
246271781
810000000000
437400
58320000000
339488286
15187500
43200
67500000
8640000
7031250
43740000
140475685
875167543
24300000
76886718750
279771247
24300000000
1215000
250819538
226321449
13668750
270000000
32805000000000
19200
7593750000
81000000000
480
227812500
62985600000
1166400
30375000000
576000
65610000000000
13500
27000000
54666761
12150
671708542
553567385
147622500000000
48000
108000000
1749600000
24603750000000
73811250
11390625000
9331200
376557744
13996800
23619600000
131220
843750
647343191
23619600000
750000000
279936000
4687500
182250
282870395
3600
180000000
12597120000
62985600
9226406250
1640250000
859114111
525766930
5904900
1500000000
683437500
2025000000
864000
202500000000
175781250
900
3240000
4100625000
2460375000000
243000000000
3375000
10125000
290985035
984150000
656100000
300000
13996800
