124424
17482
10428
5307
6645
16884
6222
40314
7939
40167
18918
8017
5876
5379
16839
9643
5853
7805
16305
6967
6658
5362
5182
9674
17010
46327
15389
10728
7802
5798
6009
6332
10679
6707
5231
12230
22724
7283
48909
5448
13541
6058
24039
11199
5071
615604
5071
6229
5023
15005
144319
5580
57411
18847
5171
15279
5144
6266
15607
6008
13209
5987
23865
7866
5502
14740
6843
7655
6755
5022
6505
5613
6916
8165
11556
11312
39681
6631
5352
6978
17529
5975
8824
18007
10793
117106
6526
22872
228070
28602
5422
19322
12082
5654
19557
6444
8420
11474
5416
8890
