11 6 888 2 6 222 444 33 3 11 3 11 7 1 33 333 888 22 33 2 1 55 8 222 22 22 11 55 66 11 66 66 6 111 444 55 222 666 33 4 66 2 3 66 1 9 111 333 11 888 666 111 66 11 3 5 1 55 444 22 33 2 6 333 1 11 1 888 444 6 4 111 4 555 555 9 4 222 666 888 111 333 55 888 333 222 2 1 66 1 99 5 2 55 111 2 88 222 111 7 
2 9 888 6 33 4 4 77 8 77 9 666 444 888 3 55 1 666 6 8 88 55 55 666 666 777 666 444 444 99 4 77 77 444 88 777 888 88 444 4 777 99 55 99 2 6 333 7 333 11 4 8 11 444 444 8 555 444 11 8 44 22 888 666 4 11 9 888 9 77 66 666 2 9 111 77 44 444 7 33 33 8 77 8 777 44 88 8 333 33 9 4 1 88 44 77 9 777 888 44 
4 4 88 99 88 777 7 88 3 111 6 777 66 3 66 888 6 77 777 1 33 66 666 77 77 888 44 55 6 777 777 11 22 77 9 5 7 22 555 777 4 99 2 6 88 66 99 7 22 33 7 3 33 33 6 8 4 33 55 9 1 88 777 444 222 111 333 3 33 7 777 33 99 66 55 77 777 88 666 222 4 99 99 77 555 55 111 3 66 6 1 99 333 22 6 5 777 666 7 77 
444 111 1 2 66 2 5 88 99 222 222 3 55 44 2 22 7 1 22 111 55 5 444 44 22 444 333 5 99 55 66 88 3 77 88 444 11 5 444 22 99 2 77 1 11 9 111 888 555 7 444 4 66 111 99 444 22 7 5 99 2 1 8 99 888 3 77 6 777 7 1 9 9 5 1 5 66 22 99 888 666 222 666 555 55 222 77 8 111 99 77 555 6 111 4 66 888 8 11 111 
11 9 555 1 88 666 1 11 88 444 7 88 777 55 777 66 3 9 2 7 6 33 2 44 8 55 5 55 99 777 8 9 77 666 11 99 8 55 3 111 9 44 22 99 99 7 777 888 666 222 3 6 666 8 888 11 7 222 1 777 333 9 5 77 3 4 8 3 22 22 22 777 88 666 77 55 3 777 555 33 111 555 111 444 4 44 333 333 4 11 1 555 6 7 11 77 222 111 1 6 
22 6 55 222 44 777 333 666 1 44 222 222 222 444 88 555 3 666 222 66 55 333 4 666 22 555 44 555 777 4 111 55 777 88 111 22 66 222 77 9 44 77 666 222 4 55 66 77 888 333 3 777 555 44 88 888 444 33 99 777 9 88 66 77 2 33 77 33 55 777 333 4 8 3 1 555 111 3 333 9 4 88 5 4 55 8 77 777 44 44 77 7 22 6 22 666 55 55 99 111 
2 55 88 44 5 222 5 4 22 9 6 44 4 6 8 222 111 111 444 1 44 888 8 7 555 7 2 44 9 55 777 777 3 666 9 555 8 7 5 888 666 5 7 11 555 55 6 99 777 888 222 333 1 4 6 333 66 4 88 333 5 777 22 666 8 666 444 7 7 555 777 44 111 222 44 555 555 9 5 444 8 111 888 6 333 66 222 888 22 44 8 6 777 888 555 99 11 5 7 555 
3 7 888 88 222 8 888 333 4 2 8 55 8 666 444 88 222 33 3 77 2 11 2 6 777 7 99 555 33 44 111 555 222 8 33 44 66 66 8 777 55 66 1 666 666 2 888 22 111 8 22 66 99 55 99 33 22 22 6 33 4 6 777 22 66 9 333 5 333 777 66 8 77 4 5 88 99 555 666 5 9 4 1 8 9 3 9 44 444 4 55 8 22 77 3 5 77 3 4 66 
555 777 55 88 77 666 9 555 333 6 888 11 222 88 333 9 5 9 22 555 2 55 9 7 77 333 9 55 555 222 2 333 1 7 44 3 888 777 333 55 2 55 444 333 7 1 777 3 2 111 44 666 888 3 777 99 8 444 111 33 888 44 555 8 444 4 777 44 111 44 2 777 66 99 777 555 99 8 88 7 4 2 8 4 222 5 11 66 1 55 3 55 666 88 55 2 7 99 88 9 
666 9 5 555 7 1 3 11 666 5 44 333 8 9 222 5 55 33 4 88 11 6 2 555 222 99 222 22 111 66 222 555 222 77 9 3 1 888 5 333 666 99 7 77 777 11 444 99 4 8 5 2 777 99 66 6 2 44 4 7 666 555 3 5 111 7 5 777 9 7 7 888 6 6 3 2 111 888 22 7 222 1 666 555 1 3 33 333 66 7 444 8 111 8 7 44 99 55 777 3 
222 444 55 44 222 7 888 111 3 44 5 22 11 44 99 8 444 888 444 88 666 7 2 222 44 4 3 8 77 9 4 222 4 88 33 66 222 11 77 66 9 4 55 5 22 88 77 888 11 44 77 666 77 66 4 222 5 33 88 77 444 222 777 77 333 6 666 9 6 222 222 7 2 333 222 88 666 55 4 333 8 77 2 99 22 666 4 3 1 22 444 222 3 777 66 555 777 5 55 3 
7 66 3 888 6 9 3 66 555 444 5 99 333 222 33 4 4 777 11 333 22 222 2 3 5 99 66 11 8 111 777 22 2 1 222 1 666 11 44 33 555 222 555 2 6 22 33 66 77 44 8 77 666 8 333 222 8 22 5 111 333 99 33 666 11 6 66 9 7 1 1 88 888 66 88 333 3 3 5 9 33 11 22 55 111 66 111 6 4 3 8 9 33 111 99 4 333 111 44 333 
99 444 22 8 3 55 66 4 777 99 3 66 66 6 33 66 1 5 1 11 99 99 4 444 5 4 1 3 1 77 333 777 6 1 66 222 11 66 77 99 5 77 333 444 6 5 3 666 22 222 666 3 1 88 99 99 666 555 9 444 11 7 1 2 2 6 22 1 8 111 444 55 33 66 222 7 22 5 11 88 88 8 111 8 4 55 1 99 55 666 2 33 4 99 9 444 5 77 4 2 
3 8 66 4 99 8 222 2 666 8 1 333 111 111 444 2 888 444 7 2 8 66 888 44 66 88 222 55 22 5 222 66 6 777 5 11 222 6 333 88 555 111 111 777 5 8 66 8 9 3 222 555 111 9 3 111 4 77 88 33 7 77 22 66 1 9 7 5 5 5 22 77 11 111 6 99 33 4 99 44 11 66 66 444 777 11 666 2 4 444 6 1 77 333 7 111 7 11 3 666 
33 5 888 44 55 8 66 222 77 555 555 44 555 11 5 9 5 888 4 9 1 2 99 333 111 888 11 1 66 55 11 1 333 99 66 7 2 66 8 66 6 9 11 6 444 5 99 777 22 88 66 555 8 666 66 7 33 444 88 9 111 6 9 99 777 7 6 5 111 55 99 33 99 6 444 666 33 444 111 66 11 77 3 11 88 33 11 444 1 222 44 44 9 3 555 5 9 6 444 1 
888 777 1 8 11 6 444 6 6 2 888 66 444 66 55 7 77 88 777 111 11 8 3 777 7 4 22 77 222 1 22 33 222 77 666 77 333 7 77 777 88 555 44 555 66 1 111 9 222 4 777 33 9 8 55 888 222 333 555 111 777 9 2 111 11 777 7 1 33 88 666 66 1 666 222 7 7 555 777 555 9 1 222 11 3 22 88 77 33 1 22 8 8 111 5 222 77 555 11 111 
5 8 1 555 22 66 444 88 7 77 77 3 3 777 4 11 11 444 9 444 99 7 7 77 888 99 333 77 5 77 22 777 55 333 5 33 77 333 9 333 6 44 77 88 888 55 222 9 55 666 66 6 1 3 8 222 222 111 33 333 77 333 777 5 55 55 5 222 6 3 3 6 4 99 777 1 333 7 222 111 444 888 3 22 66 44 8 3 11 2 7 6 7 6 55 22 88 3 2 3 
333 1 55 77 88 44 8 99 777 6 88 22 2 9 888 555 666 11 444 7 666 11 8 4 5 111 11 44 444 44 33 444 3 555 555 7 2 22 99 88 11 2 5 44 777 88 1 5 4 8 22 222 66 5 5 444 33 4 2 7 555 7 888 8 111 11 111 444 33 333 777 444 8 555 555 888 8 88 444 88 8 11 1 88 9 22 77 8 333 11 2 4 9 666 6 77 4 3 4 333 
2 7 99 111 22 99 9 6 33 222 9 555 222 5 55 9 888 333 333 333 22 5 111 77 222 6 2 888 11 4 66 99 333 444 33 55 66 333 1 22 1 9 44 7 88 3 222 333 66 44 77 44 7 99 33 99 111 555 8 55 66 444 777 777 22 44 3 333 555 66 888 666 666 7 4 55 5 99 2 44 2 1 33 6 88 2 55 88 2 66 5 5 333 111 666 7 9 6 55 111 
666 99 5 99 11 3 33 8 555 888 8 888 4 1 33 11 5 33 666 11 444 777 44 2 7 11 888 2 111 444 444 1 22 55 66 555 444 9 9 22 666 55 9 66 444 77 44 444 77 1 44 55 1 66 44 99 3 3 44 77 66 888 888 99 11 88 666 111 22 22 4 11 1 555 8 666 66 33 7 88 555 6 99 222 1 88 11 222 6 222 55 666 22 6 5 444 22 33 333 3 
22 88 555 77 33 888 11 99 66 22 111 22 222 55 99 55 7 777 1 8 444 55 333 66 44 55 555 55 7 666 77 666 333 2 7 33 333 99 2 77 111 5 22 6 7 333 2 333 333 3 333 99 77 3 111 6 5 99 44 44 888 9 3 5 9 777 666 1 111 111 8 77 111 99 777 888 222 777 5 222 3 111 33 666 66 777 888 22 11 77 888 444 5 2 9 555 7 33 11 555 
9 777 88 222 7 111 7 9 11 2 333 66 3 8 444 66 22 2 22 1 777 444 888 222 7 33 111 6 111 888 888 7 11 44 9 2 77 555 11 4 111 99 888 777 88 888 1 3 33 444 333 6 99 4 11 88 4 77 555 8 99 2 333 777 444 33 2 33 77 333 555 7 11 111 6 3 8 4 4 77 888 2 2 555 1 1 666 8 8 555 111 1 222 6 4 555 333 55 44 77 
55 111 99 11 7 888 777 888 11 777 44 333 88 888 5 1 777 11 77 4 444 33 777 7 33 888 9 88 9 11 555 555 22 1 333 22 55 777 55 555 888 3 66 1 666 7 3 7 5 77 2 44 44 3 88 444 6 4 333 99 8 22 222 444 8 77 33 5 3 9 9 77 77 111 44 4 4 2 5 111 9 3 555 7 55 444 66 222 22 888 444 3 888 3 3 5 99 5 777 111 
88 5 66 11 99 5 2 44 5 5 5 7 111 6 222 555 2 1 88 888 9 7 5 66 99 4 333 111 66 33 66 222 555 666 11 666 444 5 333 4 33 6 2 77 111 66 666 333 6 777 11 1 555 1 2 888 33 4 888 1 555 99 111 9 55 8 99 33 9 44 888 1 888 2 888 1 22 2 2 66 111 22 7 666 3 7 99 444 5 88 8 2 555 333 9 33 88 333 77 3 
1 777 333 333 3 333 222 44 44 11 77 222 5 66 5 2 77 88 9 1 88 55 222 99 555 11 33 11 8 88 4 55 555 11 1 222 444 7 11 99 22 555 7 55 1 4 33 6 888 444 3 33 222 3 888 88 44 77 3 33 2 333 2 44 77 2 1 44 777 555 22 77 99 111 3 11 55 9 77 111 222 6 55 111 6 99 666 9 44 333 3 5 55 555 11 11 222 222 4 666 
4 444 88 99 33 555 88 6 44 777 444 11 99 7 4 66 111 444 888 1 666 444 5 7 22 22 777 9 88 33 333 2 99 8 333 2 1 888 3 9 1 666 9 5 333 3 111 4 9 666 66 6 2 1 8 333 7 88 8 6 777 666 222 66 4 55 9 3 77 44 99 77 444 33 7 7 44 6 7 111 666 77 888 33 2 666 4 555 88 3 666 5 7 6 11 6 888 3 55 7 
777 7 666 111 3 666 7 444 9 3 444 111 77 888 333 88 333 77 2 66 44 7 11 2 666 8 4 333 99 444 55 555 99 888 88 888 3 99 777 333 3 333 9 7 88 666 8 222 2 88 5 88 111 666 77 22 22 55 888 444 222 111 99 333 33 777 33 33 5 55 7 333 99 88 66 77 111 444 1 7 55 8 3 88 99 777 99 11 666 7 66 666 99 666 111 7 555 666 444 55 
77 99 2 77 777 3 666 777 44 77 3 1 44 333 3 555 1 8 88 8 55 6 88 88 333 11 4 333 22 111 888 8 8 888 777 2 4 444 7 444 888 222 7 666 99 55 9 7 55 5 666 444 333 2 8 3 444 777 88 11 99 1 111 9 99 4 77 3 777 88 88 4 99 8 5 4 33 222 444 5 77 3 44 7 777 8 2 3 777 99 555 3 11 666 2 33 888 444 44 777 
9 111 5 6 333 11 77 7 6 555 1 222 111 555 55 66 1 88 66 6 5 1 9 4 55 7 3 11 6 222 88 111 2 222 55 555 555 6 1 222 77 5 444 22 7 55 77 666 22 11 33 6 77 9 9 44 333 66 1 3 9 666 666 777 4 111 666 88 777 222 111 3 8 8 333 3 444 666 88 77 4 777 222 1 1 222 888 2 3 55 99 55 777 66 2 2 888 11 7 555 
4 3 888 3 8 111 9 5 8 7 222 77 888 7 88 555 44 33 444 8 777 88 2 555 222 666 11 33 55 66 555 77 6 99 11 11 2 666 777 6 22 222 444 444 8 777 111 222 9 4 666 33 444 1 888 77 3 11 9 44 44 222 66 444 77 99 7 555 11 555 111 3 7 11 8 22 222 2 77 4 2 4 33 9 99 2 2 99 88 777 888 88 44 55 33 5 8 2 77 555 
8 55 66 3 66 777 4 555 99 1 8 77 66 2 22 1 111 6 111 666 1 888 66 99 2 4 44 55 77 44 888 9 3 5 888 77 111 22 777 555 44 666 66 99 7 555 111 7 888 33 55 888 222 9 77 444 66 666 4 888 22 666 1 444 2 11 5 8 44 888 66 33 44 11 777 555 99 666 666 66 111 5 9 66 77 4 111 777 33 99 1 555 99 222 444 6 7 888 777 444 
222 22 9 11 1 55 444 5 3 222 44 8 4 333 666 11 7 6 666 5 555 3 44 22 888 222 2 333 6 1 7 3 7 22 77 33 4 8 88 22 666 1 55 555 2 11 55 666 88 4 444 77 8 6 3 11 333 11 3 3 33 99 88 55 77 3 9 22 66 777 77 5 4 444 44 2 777 888 2 99 333 222 5 888 888 6 5 7 6 222 6 11 4 5 88 777 1 33 99 5 
1 7 4 111 22 44 6 5 555 4 33 33 2 7 44 55 111 22 1 66 33 22 7 88 1 4 555 6 44 22 4 111 44 2 5 5 666 5 66 55 99 3 11 66 5 11 66 6 333 99 33 5 33 777 666 33 222 44 111 111 2 22 2 7 8 88 7 22 8 66 888 66 11 55 111 333 44 4 99 7 1 777 8 3 888 88 77 444 44 2 1 3 888 33 4 99 2 444 33 4 
111 333 888 111 66 88 1 666 3 1 55 7 44 5 88 6 11 888 11 1 666 22 9 77 222 11 333 99 5 7 666 11 44 222 88 9 44 22 888 88 2 88 666 111 222 8 4 77 4 33 22 4 77 7 444 333 3 7 44 77 1 11 3 77 111 3 44 1 9 3 444 7 555 6 11 1 222 1 2 555 7 888 7 222 666 5 2 3 7 2 888 777 3 777 66 6 4 6 22 44 
88 4 9 66 5 22 444 88 4 444 77 777 3 2 1 4 222 6 555 88 666 77 888 5 777 555 333 2 55 44 111 5 77 88 5 444 1 777 777 22 777 33 11 6 9 333 8 1 99 1 22 888 4 2 222 22 55 11 2 44 6 777 222 11 333 111 66 7 55 8 555 44 5 3 666 666 55 8 6 9 9 55 7 99 3 66 99 44 222 11 77 777 6 666 8 222 8 3 22 22 
777 888 2 9 555 8 99 555 33 77 3 8 1 888 66 6 3 222 77 555 222 66 22 99 888 333 111 77 222 333 1 88 44 2 5 444 555 3 4 1 2 7 8 2 44 2 44 8 777 88 6 7 44 1 66 777 444 6 55 555 11 111 5 555 666 6 7 44 1 8 11 444 55 4 9 8 55 44 444 888 888 333 333 88 22 99 666 11 11 77 888 88 888 777 66 777 888 44 444 7 
11 2 7 99 55 4 111 2 555 444 777 11 8 333 777 888 2 4 444 222 5 22 333 222 2 3 444 66 99 5 1 8 6 44 9 6 2 11 333 777 3 5 888 55 44 2 33 5 888 4 44 33 888 7 22 222 555 222 222 6 222 666 55 5 11 8 888 88 111 777 22 66 33 55 11 66 111 4 111 33 222 88 33 333 55 888 666 444 333 33 11 444 8 99 9 1 2 33 44 777 
6 11 66 555 444 777 66 2 99 6 555 222 111 7 111 99 33 44 77 4 44 7 77 99 7 11 55 1 333 33 7 99 2 444 777 88 222 88 77 222 444 333 33 99 66 33 888 88 333 11 22 77 4 66 444 99 33 8 99 44 888 44 44 444 33 4 4 99 55 6 88 333 9 11 666 444 66 33 666 5 777 11 2 99 8 66 33 33 222 33 66 2 111 22 4 777 666 555 88 99 
66 55 888 6 555 6 222 66 666 444 888 4 6 888 22 8 888 3 11 99 11 1 777 88 5 66 33 444 33 5 444 2 88 44 777 66 22 5 55 111 666 555 7 3 555 666 8 222 7 444 3 666 77 666 1 9 4 1 55 99 5 222 5 222 7 333 3 11 44 666 77 555 8 33 111 777 222 222 3 22 666 777 666 111 44 444 222 1 22 66 44 55 555 33 8 44 333 44 777 9 
666 777 77 2 3 99 6 7 6 333 444 44 555 6 222 3 33 3 77 333 555 1 444 55 222 111 55 888 66 2 777 5 88 77 555 2 3 5 1 55 666 55 3 8 222 9 66 44 11 2 77 6 3 222 6 8 8 222 8 8 777 88 11 11 9 555 88 8 666 55 99 1 88 3 5 88 666 11 888 777 3 555 1 99 8 555 1 88 4 3 444 3 88 22 11 6 7 88 2 3 
44 7 44 77 88 1 7 33 44 33 111 777 555 33 44 2 22 1 99 1 22 444 11 7 55 88 55 22 9 7 88 88 222 3 777 6 66 444 66 222 77 6 6 111 3 444 55 55 99 6 4 77 8 8 111 444 3 88 666 55 111 333 333 44 888 444 99 888 8 6 3 777 77 99 888 444 9 9 555 77 55 888 2 555 222 1 333 6 3 99 3 666 88 2 5 44 7 44 66 4 
2 888 33 111 6 88 666 3 88 3 11 333 5 8 7 22 888 666 66 66 99 2 77 888 9 333 99 6 33 88 555 44 55 33 555 88 4 777 7 33 777 777 44 33 66 11 1 777 333 66 444 8 3 77 222 2 4 777 44 44 777 6 99 77 22 9 9 77 5 88 8 44 111 666 99 888 77 55 7 1 3 55 22 1 111 33 77 99 4 44 333 222 3 2 555 66 3 33 77 333 
888 4 77 88 33 444 99 22 9 5 666 8 555 77 222 888 88 555 111 66 7 99 3 333 44 44 77 1 888 6 888 8 11 44 22 88 33 666 77 2 66 11 8 3 6 22 777 66 44 1 44 8 55 55 9 2 77 66 22 77 8 4 77 444 555 333 55 8 222 777 88 777 88 44 4 6 5 111 9 555 11 8 9 99 111 444 1 77 88 22 55 1 3 333 222 555 11 555 6 88 
5 11 444 5 6 77 222 44 333 4 444 444 777 444 7 6 33 1 111 11 9 333 2 55 6 333 6 66 666 666 666 1 222 3 77 777 5 22 666 333 11 3 444 5 222 44 88 222 888 44 555 666 11 7 77 888 666 666 6 55 6 33 777 11 11 2 777 444 11 222 55 77 77 3 444 222 9 99 666 22 1 5 4 6 55 88 111 99 2 9 555 99 1 888 2 88 333 3 111 222 
4 777 22 55 33 111 444 99 11 55 4 5 444 111 4 66 8 888 1 7 22 3 1 88 33 3 777 2 111 99 333 666 44 66 11 99 7 444 333 7 333 11 11 111 333 5 333 888 77 55 4 666 888 11 44 6 333 777 22 666 888 99 7 444 222 88 888 6 55 66 111 777 44 555 2 222 222 33 5 3 222 88 33 1 99 22 4 8 99 2 33 888 1 99 77 666 99 888 555 77 
3 888 77 6 1 55 2 77 555 6 66 444 9 1 44 444 55 3 777 6 22 1 777 222 444 333 99 3 6 3 44 22 111 99 33 666 5 555 888 1 4 88 22 2 8 777 5 11 7 222 6 99 33 3 888 666 1 5 77 11 888 1 777 66 6 3 88 99 222 666 22 66 88 555 33 777 44 888 3 888 5 99 444 77 777 777 44 555 77 77 111 2 222 333 333 888 88 66 777 55 
4 55 111 888 444 6 22 444 555 4 88 222 33 33 555 7 44 777 5 55 77 88 22 3 888 8 11 33 555 666 2 9 666 44 3 5 2 888 111 7 666 11 333 6 222 666 55 22 1 33 33 8 888 888 9 55 111 44 1 8 66 444 44 7 3 333 8 22 111 66 2 77 444 66 888 2 888 33 99 555 4 55 44 555 5 333 7 5 6 22 66 888 77 777 44 4 44 444 3 9 
3 444 666 666 888 55 7 444 666 9 22 111 9 3 4 333 11 44 6 22 777 44 1 8 99 8 11 44 8 88 444 555 11 7 222 111 44 666 222 7 777 55 3 666 333 9 2 444 3 777 666 5 77 6 77 444 444 44 666 88 333 2 3 333 7 11 666 44 222 7 8 4 8 2 666 1 66 5 444 888 33 22 44 44 9 44 33 33 3 111 9 3 777 55 777 88 88 55 9 66 
666 333 444 333 555 7 888 88 777 99 2 222 111 44 44 44 888 444 33 11 777 222 6 7 6 555 4 4 666 9 222 6 2 1 5 88 333 2 222 9 44 88 3 33 4 55 55 44 777 555 777 55 222 11 888 444 77 44 555 7 3 44 1 222 666 444 888 111 1 66 666 888 222 8 33 6 6 33 2 88 33 66 333 22 888 66 888 111 2 9 66 222 444 9 9 3 99 4 2 8 
555 6 11 444 666 444 555 66 666 7 66 11 555 7 6 6 3 11 111 99 222 55 444 5 55 4 66 7 77 2 555 7 333 444 2 8 3 2 555 222 222 9 444 99 2 7 33 777 7 99 8 3 444 222 88 2 99 666 11 7 555 77 66 22 7 2 66 88 1 111 11 3 99 4 55 44 99 22 888 55 9 444 333 2 7 7 111 4 22 6 111 33 777 5 55 6 4 333 33 5 
666 77 222 555 666 4 4 777 111 1 333 1 222 111 44 33 8 333 77 7 22 99 66 11 777 6 3 4 111 99 888 8 2 5 22 44 222 77 22 888 666 444 4 111 777 55 33 222 99 8 11 55 33 22 1 888 8 9 888 33 4 444 99 5 111 333 555 66 333 1 9 333 7 6 9 7 555 22 2 2 555 33 66 1 5 555 7 11 3 99 77 44 222 33 3 777 66 44 55 55 
555 5 99 555 7 44 222 44 33 444 888 444 555 77 1 333 44 33 66 99 6 44 222 11 444 777 3 33 4 7 5 777 888 9 77 777 44 666 666 555 55 333 8 2 4 222 22 6 5 3 2 11 44 222 9 666 333 1 555 77 444 777 111 777 333 444 2 22 888 888 11 44 9 444 3 444 9 555 222 11 77 7 9 11 77 55 7 8 777 88 888 111 22 4 7 33 9 22 222 666 
444 99 777 2 1 111 7 9 8 11 555 11 444 1 3 5 4 22 99 22 8 66 44 777 33 777 77 333 111 88 6 9 33 44 99 11 7 88 44 8 3 555 55 66 6 777 11 777 777 666 55 666 555 666 333 555 11 8 44 8 3 4 444 777 55 5 4 333 11 555 777 55 8 66 4 99 44 111 6 77 888 333 7 99 666 44 8 444 5 777 3 8 6 55 11 777 22 444 1 2 
77 555 33 2 222 44 66 888 333 7 7 2 6 77 333 555 22 1 66 9 222 88 7 3 99 11 5 555 7 6 8 111 7 111 444 6 555 777 9 55 111 2 7 88 1 6 222 99 4 66 2 5 3 5 77 9 66 9 99 777 44 55 6 333 99 5 6 777 1 888 8 222 333 888 44 77 555 7 9 333 777 8 777 33 6 8 777 77 555 99 6 66 11 44 222 777 99 33 22 666 
44 22 3 5 4 4 3 555 1 111 1 88 55 666 3 222 333 77 11 6 666 1 888 111 8 55 1 33 77 2 33 7 5 7 99 5 333 88 555 77 555 11 1 888 666 99 22 777 8 222 1 99 111 77 111 777 99 5 88 222 7 2 666 5 111 4 333 222 333 222 4 11 111 1 55 4 99 7 333 444 444 7 888 777 77 2 333 99 6 1 777 55 7 5 4 5 22 666 4 44 
55 888 99 77 777 1 3 6 111 22 5 888 222 3 555 888 88 2 9 555 333 444 33 9 2 333 3 66 88 7 666 88 555 11 333 111 666 222 55 222 444 88 4 555 66 33 88 666 22 99 55 44 9 6 22 88 111 8 333 222 888 55 9 99 333 66 3 9 6 666 33 333 11 99 5 333 33 777 222 99 33 555 8 77 5 333 9 11 99 7 22 666 3 8 6 22 222 333 33 22 
3 222 11 3 88 333 33 888 1 4 33 33 4 7 66 55 333 5 22 1 33 666 5 444 6 1 11 7 66 11 22 55 99 444 44 7 77 3 888 88 99 444 77 111 6 1 99 4 66 9 33 66 666 111 3 11 6 55 111 3 44 6 2 88 444 777 555 2 444 111 222 66 1 111 22 11 4 666 3 444 88 9 777 44 99 111 4 888 44 222 5 99 111 4 555 111 4 4 66 8 
22 888 55 11 77 111 22 22 7 55 777 1 222 4 555 222 222 8 111 111 66 55 111 6 88 22 77 44 888 3 3 6 7 333 111 3 555 1 777 66 8 2 6 22 555 8 4 222 222 6 111 666 66 111 888 666 44 33 5 55 555 777 99 8 9 444 333 11 66 9 1 8 44 6 1 77 44 5 1 33 88 222 7 11 11 1 2 99 55 55 2 11 888 2 111 5 222 7 555 3 
555 222 7 6 888 333 444 555 66 4 222 2 666 555 555 66 444 9 5 3 555 8 444 55 44 1 9 11 2 6 111 66 333 555 77 7 444 222 11 66 444 555 22 3 3 222 66 555 4 88 6 555 2 55 222 222 9 7 66 99 1 888 11 666 777 111 9 11 555 2 222 7 55 777 7 9 2 333 55 555 3 5 9 666 1 5 9 333 2 22 66 4 9 6 444 7 333 8 8 8 
11 99 222 22 11 777 9 44 55 77 222 88 111 33 33 66 444 9 88 22 66 11 44 99 7 888 22 2 55 6 222 99 333 66 666 444 7 4 99 66 44 33 44 111 33 444 7 88 222 333 222 77 1 8 666 66 9 222 444 333 7 555 2 777 9 77 11 8 22 4 77 666 444 99 55 2 11 99 99 9 88 444 8 777 2 9 77 66 7 1 3 99 8 1 9 55 4 555 7 6 
555 22 444 44 9 44 8 333 77 2 8 8 4 77 3 3 9 99 888 88 7 3 66 222 111 33 3 88 2 666 44 111 77 88 33 55 3 111 99 666 88 66 66 44 11 4 44 6 33 888 111 7 7 1 2 55 888 4 3 66 88 3 333 111 7 444 33 6 7 1 111 222 4 444 22 88 33 555 3 8 77 333 777 2 99 33 777 9 88 2 7 888 4 111 444 33 111 7 111 11 
8 88 777 777 111 2 6 444 5 33 88 1 4 8 555 55 1 44 11 5 99 333 77 8 33 77 888 88 1 4 3 4 55 333 44 8 888 222 55 11 1 333 777 555 666 44 11 5 8 9 888 55 888 555 888 2 555 444 4 44 5 9 777 7 3 77 666 9 666 88 55 77 88 5 2 3 222 77 11 5 5 55 2 111 333 9 55 111 555 77 88 88 77 666 99 777 77 22 55 111 
3 555 77 333 777 88 11 1 33 55 66 5 555 666 5 55 22 9 22 22 222 11 333 2 3 666 555 55 77 9 33 2 33 7 8 88 44 888 44 888 88 77 44 11 7 77 4 6 4 44 333 111 44 66 9 33 111 3 222 444 22 7 111 8 88 888 11 1 99 111 8 777 9 888 777 33 888 888 77 66 3 22 444 2 3 6 11 444 88 77 3 66 777 777 1 2 66 5 55 5 
55 111 888 4 3 111 888 3 55 77 888 1 666 99 6 1 7 44 11 444 333 222 11 11 88 888 33 4 33 88 99 11 77 88 666 111 8 55 666 111 2 8 333 6 1 6 4 3 66 111 111 8 222 44 888 5 55 777 8 33 7 22 333 7 1 6 9 55 7 888 11 11 111 44 7 111 5 2 444 333 555 8 11 88 8 55 444 55 666 444 111 8 555 555 33 777 555 222 5 44 
4 555 7 22 888 11 2 111 666 2 555 1 444 55 777 4 11 55 4 2 7 9 88 66 444 5 77 2 99 88 22 5 5 5 33 66 55 333 2 6 333 111 1 666 2 44 3 333 777 77 33 777 7 77 666 44 666 333 88 22 55 4 8 77 88 444 88 9 4 6 7 33 77 222 5 99 6 77 333 99 222 333 99 7 66 888 222 9 444 5 666 44 777 33 99 44 33 55 888 555 
5 88 1 888 5 6 55 444 3 888 3 7 55 6 777 88 77 11 777 8 3 666 7 666 6 11 11 2 6 6 1 66 5 111 22 33 6 666 4 777 7 555 77 3 777 4 4 9 6 77 1 555 3 22 777 55 333 9 6 88 8 22 9 44 44 8 33 1 22 9 55 888 111 6 9 5 4 777 33 88 111 4 6 444 22 333 5 888 44 777 11 5 7 88 7 666 444 222 333 66 
1 4 44 22 77 55 111 555 88 777 6 888 44 333 444 33 33 33 55 44 444 444 5 222 333 7 22 8 7 11 2 33 66 777 555 9 44 5 7 333 99 3 111 3 5 666 3 333 9 8 8 99 888 66 33 555 9 99 66 555 33 888 99 666 7 88 777 222 6 555 77 8 888 33 111 111 1 1 3 6 1 9 33 44 11 22 9 11 555 44 6 88 333 2 77 22 444 55 3 111 
888 66 2 333 444 666 8 11 1 3 6 55 9 8 22 1 666 333 33 6 88 33 77 9 1 55 66 5 77 888 55 7 111 6 2 88 2 6 666 2 22 6 3 66 88 222 444 1 7 9 2 5 666 555 888 111 1 3 44 55 666 77 3 666 111 555 3 3 11 22 9 4 4 99 44 66 1 33 77 44 66 8 444 7 1 1 5 6 88 44 222 4 11 333 888 99 9 66 3 77 
777 8 4 22 777 555 222 111 2 33 1 55 3 111 7 2 44 333 555 555 666 111 888 777 4 7 55 7 33 8 9 55 55 88 55 88 77 555 1 888 33 666 3 7 2 666 555 99 44 777 44 8 7 777 3 11 3 77 55 1 4 1 99 1 33 666 11 8 7 6 7 66 11 22 111 666 88 55 22 33 2 777 7 444 3 55 4 99 444 6 111 888 99 33 1 66 1 99 111 444 
555 33 3 66 333 44 99 333 222 666 55 88 11 88 11 9 1 11 2 22 66 11 666 666 8 666 99 6 111 11 777 666 8 44 88 88 8 7 222 777 6 44 88 33 88 8 8 8 444 5 8 33 8 5 555 8 222 33 33 222 777 22 5 44 3 11 222 333 44 6 888 77 555 7 22 44 333 3 11 6 777 9 444 33 66 33 3 33 3 22 5 5 1 333 55 7 9 77 3 44 
222 88 666 5 666 666 333 111 888 9 222 44 4 1 9 5 2 3 8 1 22 111 888 111 77 77 44 5 44 888 99 9 5 333 3 22 888 11 7 444 66 777 9 22 888 33 44 9 888 444 444 77 444 888 111 444 3 2 9 555 555 444 888 3 6 8 6 9 5 77 222 3 7 111 4 3 222 888 222 55 888 222 33 3 2 88 777 5 333 77 444 4 22 11 444 444 111 88 1 55 
9 4 333 2 22 55 88 66 333 99 99 111 888 666 88 55 666 55 44 4 22 333 1 111 44 8 44 7 9 333 7 88 111 111 8 666 5 88 5 66 44 22 4 888 333 333 9 666 4 5 7 6 99 8 11 6 66 55 66 444 1 22 55 66 8 55 33 111 44 44 7 5 8 555 2 4 222 8 555 7 44 4 77 99 444 9 6 8 33 4 66 4 888 9 44 77 8 99 99 777 
22 3 8 77 77 6 111 9 44 55 88 9 33 888 8 444 99 6 1 11 9 6 4 77 55 22 22 22 666 11 666 666 7 888 8 4 6 99 555 444 5 1 55 5 1 99 66 6 33 11 11 2 99 3 1 444 9 22 6 9 3 2 5 7 111 99 11 555 11 22 3 5 777 88 6 666 8 555 666 88 44 99 5 2 6 111 5 7 2 4 44 55 888 6 88 66 3 66 1 55 
9 9 555 8 333 444 8 66 77 55 222 555 555 2 44 8 333 333 11 55 1 6 88 9 88 6 555 99 22 8 99 888 22 88 777 4 777 11 444 777 4 1 5 5 4 555 333 22 55 11 66 7 22 88 2 4 333 111 8 333 7 9 22 99 88 1 55 66 888 5 8 2 222 8 66 33 2 88 555 5 33 2 77 6 22 555 55 4 1 44 22 7 888 333 888 1 8 99 77 22 
777 1 1 7 77 666 333 444 333 444 33 777 44 5 99 66 99 5 88 222 666 9 5 2 888 222 888 7 3 8 111 1 777 55 111 8 2 3 77 3 9 3 9 6 1 777 1 1 33 11 22 99 666 5 666 22 11 44 33 33 4 55 11 22 4 222 4 6 11 5 9 9 888 4 88 99 99 4 6 6 2 11 444 8 6 222 9 88 55 666 22 4 1 88 9 555 222 77 88 44 
66 55 5 22 99 222 222 22 2 4 111 1 5 3 77 2 222 44 888 3 333 7 44 3 555 333 66 77 9 777 666 44 1 777 5 44 333 333 6 222 555 5 222 9 2 777 8 1 8 111 33 4 888 888 6 555 888 55 333 7 777 666 2 5 3 55 1 555 66 9 555 444 3 66 5 111 99 4 7 777 8 22 22 22 444 77 777 99 6 22 55 8 666 1 111 77 6 22 4 4 
33 6 111 7 5 7 2 333 666 2 222 8 8 44 111 666 66 7 5 4 555 222 99 11 555 44 66 444 22 1 11 5 6 5 222 666 3 33 222 222 3 555 11 6 44 6 555 77 444 4 5 22 6 3 77 33 33 11 111 1 555 8 22 9 8 55 44 99 88 77 6 444 222 99 2 33 777 777 3 3 3 33 66 11 777 888 777 88 7 88 66 66 777 33 22 5 7 5 6 99 
666 77 1 777 55 444 666 88 88 222 44 8 8 1 666 2 6 22 22 111 7 88 2 66 777 666 33 77 666 99 9 4 11 666 6 888 5 3 22 22 22 666 333 77 2 1 4 777 2 666 777 555 99 33 5 3 666 44 2 8 111 888 2 7 666 7 222 3 5 6 888 8 444 77 666 22 222 6 2 666 3 4 33 888 7 6 444 77 55 55 2 8 44 111 888 88 33 99 88 2 
66 11 77 77 333 333 9 111 444 33 2 888 555 66 666 88 444 7 88 88 444 99 4 2 4 7 6 8 555 55 333 1 222 22 22 111 3 555 9 66 4 6 44 99 888 4 22 33 88 444 1 55 11 4 5 777 33 11 1 111 1 22 888 8 222 6 5 77 111 7 777 77 88 111 99 88 222 1 33 333 111 5 111 33 333 66 77 4 99 111 66 4 7 7 9 888 33 7 333 111 
44 44 2 88 7 5 5 99 22 2 777 2 33 6 77 77 77 44 111 666 444 3 4 22 22 3 11 333 9 44 4 777 99 666 22 33 7 555 55 88 777 11 22 444 66 99 222 333 444 888 444 66 888 55 55 99 77 3 55 222 77 666 333 77 222 888 3 33 8 22 5 22 111 66 77 4 111 55 99 66 77 777 7 88 22 99 222 55 44 55 33 6 222 44 44 22 6 666 444 8 
444 8 2 8 111 7 1 99 22 333 88 77 777 99 11 1 6 9 555 7 66 33 555 8 77 6 66 1 55 222 777 6 99 4 7 444 44 9 22 5 3 4 11 222 11 7 2 22 88 44 22 8 3 7 33 66 111 111 22 8 7 44 666 333 3 2 4 666 555 99 111 4 888 99 66 3 777 5 444 9 444 333 5 11 2 8 444 33 77 99 22 222 444 222 222 22 77 6 88 1 
66 666 8 2 777 44 2 222 22 333 7 3 8 4 888 88 88 99 77 888 8 7 2 5 333 4 3 22 66 44 222 66 666 6 111 99 8 111 9 77 7 77 666 777 222 88 222 55 55 222 4 7 9 3 3 5 77 5 6 66 333 8 6 888 11 222 555 6 6 22 11 3 88 777 3 5 3 777 888 111 22 22 22 66 333 77 9 11 66 22 2 111 9 22 2 2 222 555 55 55 
333 4 22 22 666 99 44 55 777 66 77 333 88 99 111 666 7 22 33 111 88 888 11 9 1 5 222 55 2 111 22 4 9 99 111 777 88 222 44 22 55 88 2 8 22 555 5 333 2 4 111 888 777 1 4 55 333 111 555 33 111 333 777 88 5 111 55 222 22 3 66 777 7 66 6 44 44 666 8 8 99 8 4 111 33 666 22 7 222 666 22 555 444 222 4 2 888 77 88 777 
66 11 555 44 555 555 777 22 66 333 7 888 4 6 88 5 22 3 3 444 444 7 22 888 333 6 99 3 8 444 88 1 666 99 555 66 444 8 66 66 4 555 666 444 77 555 666 5 33 777 88 55 6 99 666 2 1 44 99 44 88 444 777 555 8 1 99 11 55 1 88 2 11 222 7 99 11 33 5 777 888 8 666 333 9 6 3 4 2 222 888 444 33 66 666 8 2 77 666 3 
8 555 33 5 3 1 8 8 666 333 555 1 44 44 1 9 88 9 11 777 222 8 4 77 8 88 444 9 3 9 88 4 44 1 888 777 6 3 333 99 7 111 9 66 3 2 44 88 11 44 11 7 4 8 66 888 7 22 888 55 9 111 9 55 22 3 222 3 6 666 5 22 888 88 99 888 222 333 444 22 555 7 666 77 8 7 33 9 9 7 44 55 1 6 11 9 8 99 7 777 
7 888 22 33 444 444 777 555 55 11 99 11 1 888 33 33 7 333 888 7 44 555 3 9 99 88 333 888 88 444 8 99 555 444 3 99 2 8 666 777 9 111 1 44 888 444 444 88 66 33 2 11 2 1 444 111 7 4 111 88 888 44 777 444 333 5 44 222 777 11 9 333 888 66 666 5 2 777 66 333 11 22 5 88 1 6 9 55 888 9 6 22 66 11 11 88 1 7 11 8 
7 77 7 2 222 1 777 222 2 3 888 2 777 4 666 9 88 3 11 888 444 6 44 7 8 888 444 4 777 33 11 8 222 111 55 5 44 111 222 666 7 88 111 2 33 111 9 111 44 66 666 111 111 333 555 22 77 222 2 666 22 888 88 66 99 9 3 3 55 11 6 111 2 22 111 444 4 55 22 22 888 11 666 777 6 9 3 77 6 7 444 555 2 777 99 4 555 55 333 888 
888 88 99 1 666 7 55 3 7 222 333 777 33 5 7 333 777 333 4 111 66 33 22 777 33 8 888 8 888 11 444 777 666 77 333 44 888 3 111 11 99 888 555 1 11 555 88 888 111 77 11 7 6 555 555 9 9 111 111 99 22 11 3 555 99 111 222 11 22 22 33 5 777 8 555 333 11 22 666 4 555 3 2 777 33 22 6 3 666 555 7 66 444 6 3 44 33 8 11 77 
333 111 666 1 1 99 333 888 8 1 777 33 222 44 33 555 555 11 77 8 333 77 7 888 55 888 6 555 5 6 99 777 1 2 333 77 11 3 333 444 9 777 4 99 11 1 77 7 2 7 22 44 33 7 77 222 11 7 22 9 2 6 888 66 555 99 77 66 6 1 2 55 6 33 55 22 666 1 8 44 22 77 6 4 222 1 22 222 77 7 666 1 7 55 5 1 4 777 1 11 
22 66 55 22 88 555 222 11 7 9 22 6 5 99 555 11 444 8 6 55 888 333 88 88 666 99 6 9 666 33 888 333 222 9 888 8 3 99 44 11 44 111 11 99 11 9 33 4 55 666 777 9 99 3 888 444 6 55 22 8 7 888 444 8 333 5 5 666 11 555 444 333 2 2 8 8 111 55 888 44 77 3 11 1 7 555 888 111 4 777 55 88 9 444 1 333 666 555 22 11 
8 222 2 88 88 44 55 666 4 88 6 55 66 22 111 99 55 2 222 6 222 333 33 777 66 9 666 777 44 6 777 555 22 111 4 44 88 111 88 2 4 3 7 4 55 44 5 6 3 5 88 5 555 222 2 222 44 8 66 4 777 666 33 666 99 33 4 1 44 555 2 1 5 6 5 555 5 666 333 222 77 333 77 4 777 1 66 2 22 555 555 7 4 8 77 2 3 444 8 77 
9 44 7 333 666 99 2 33 1 9 222 11 4 3 7 4 55 777 2 6 11 11 99 9 111 6 888 3 6 22 99 666 888 444 5 777 5 5 6 888 333 66 111 111 8 88 1 1 11 33 4 111 111 3 99 333 333 9 44 111 7 222 77 4 44 99 444 666 99 99 5 6 111 7 9 66 222 2 888 222 9 444 222 444 5 55 11 11 666 333 7 44 77 111 1 333 111 44 3 3 
88 22 8 333 888 1 44 1 444 66 9 3 33 777 88 77 888 555 4 99 7 77 55 5 666 88 66 111 111 444 777 3 8 1 1 111 77 888 2 9 6 66 2 111 99 44 111 3 55 5 44 77 3 555 55 88 6 222 777 99 7 11 99 7 5 66 2 8 99 99 66 9 5 1 33 777 66 1 44 222 888 7 4 6 22 333 22 7 99 44 666 99 888 8 111 888 777 11 6 22 
5 8 7 6 111 66 2 555 222 2 5 66 6 777 444 5 3 22 555 55 44 33 666 555 555 6 2 66 3 55 77 33 77 1 3 9 88 22 333 111 7 33 3 888 1 111 444 9 66 66 66 333 99 9 66 6 22 44 2 8 8 1 1 555 7 2 222 888 111 66 1 1 444 888 2 444 99 444 666 8 88 3 222 44 8 333 33 6 666 4 555 5 55 22 222 9 99 5 11 22 
11 5 222 55 88 11 55 99 888 7 99 111 888 444 222 222 2 777 666 66 6 77 6 777 666 111 2 99 11 222 555 222 222 5 11 8 2 4 333 6 22 888 77 55 44 7 77 6 444 4 888 99 777 6 111 99 77 44 99 33 22 4 111 3 99 4 22 66 888 5 3 99 88 22 333 222 555 333 3 666 44 1 333 1 777 99 22 22 33 9 444 1 4 4 5 444 66 333 3 2 
4 444 77 44 66 44 6 99 1 9 66 99 44 333 7 4 888 111 44 33 3 11 55 88 777 44 111 66 222 333 44 44 666 333 222 444 222 66 8 44 22 4 1 1 7 9 66 777 33 555 99 555 1 333 333 5 4 22 666 222 555 5 66 66 55 111 333 55 6 22 44 2 222 8 88 2 555 33 2 33 44 555 7 777 55 9 111 222 555 888 88 99 666 66 2 555 22 2 99 1 
1 9 8 111 6 333 777 3 777 22 4 333 55 88 2 44 888 111 22 111 8 7 222 777 333 5 88 111 444 333 4 666 111 666 555 11 444 44 3 5 99 777 44 777 9 222 6 6 88 6 222 9 66 8 1 777 555 888 444 777 444 22 222 7 8 88 777 666 99 222 44 333 33 55 9 2 44 55 66 555 4 111 555 77 11 666 33 1 66 33 22 5 2 88 88 22 44 33 9 333 
555 44 55 44 444 9 333 66 44 2 666 7 9 111 33 1 6 22 444 9 44 666 4 888 55 77 22 55 444 99 44 8 444 3 77 9 444 88 666 22 11 66 22 6 11 7 2 555 99 666 8 9 111 444 9 333 2 11 555 6 77 666 77 88 55 555 9 88 6 2 555 111 5 666 555 77 8 4 1 2 22 4 2 44 555 3 555 555 7 33 77 1 333 555 6 44 11 1 666 9 
33 2 2 777 1 5 222 888 99 7 666 44 666 666 8 1 66 6 777 1 555 4 9 555 22 555 4 22 9 1 3 5 55 9 66 33 888 11 55 3 66 44 444 111 1 111 33 3 22 5 88 1 8 8 111 66 777 6 66 666 4 44 555 88 4 4 555 9 55 5 888 777 99 222 8 1 444 33 22 8 6 66 111 1 222 66 33 6 555 8 99 4 4 5 44 444 66 6 555 7 
8 111 333 55 77 9 33 1 444 66 111 6 1 1 1 55 77 333 2 33 9 111 44 222 4 11 7 222 555 111 77 8 6 3 11 55 77 11 333 22 9 33 11 777 66 33 111 77 9 444 111 222 111 777 4 77 111 333 77 4 777 77 88 99 444 2 5 3 4 222 8 99 111 2 1 111 555 33 777 888 888 66 77 44 77 333 444 66 666 22 1 22 22 33 777 66 777 666 33 1 
