196
197
193
205
183
187
188
201
196
194
194
194
200
191
192
202
194
192
203
204
188
182
198
210
200
198
193
187
201
206
199
191
205
199
202
204
193
190
190
206
189
181
204
194
187
196
194
197
196
198
208
191
187
195
200
193
196
196
196
188
195
204
191
196
201
189
198
190
212
194
204
197
208
200
184
198
182
185
198
187
202
194
201
189
202
189
192
196
208
184
192
183
199
188
185
187
183
212
191
204
194
209
202
198
188
199
192
181
186
195
210
190
199
191
198
199
201
198
201
205
193
216
203
203
205
181
189
191
185
198
197
181
209
196
176
200
202
194
204
186
199
190
192
198
177
204
188
189
205
205
206
199
206
193
193
208
189
188
195
190
191
184
201
193
206
189
187
188
196
199
197
196
196
193
190
207
204
204
206
198
195
200
197
201
187
209
202
193
182
193
206
192
203
207
195
212
195
186
200
192
194
203
202
201
205
196
201
185
196
222
189
197
192
198
202
203
186
196
194
186
186
196
209
199
193
197
195
190
183
191
192
197
200
184
182
188
200
183
196
192
207
200
202
191
195
207
194
201
198
212
197
193
198
197
190
189
202
181
205
201
190
194
208
192
201
199
193
198
201
191
197
203
189
183
195
192
200
203
201
197
194
190
200
204
194
191
198
196
199
202
207
200
180
193
210
203
204
204
184
192
192
193
199
191
190
203
199
204
184
194
193
196
218
204
212
198
193
194
190
201
188
180
188
204
185
202
194
203
195
199
194
190
201
195
206
185
202
205
196
191
194
200
191
206
200
200
199
201
203
194
180
215
201
183
206
184
194
198
197
190
204
194
202
196
209
189
185
207
199
201
185
215
189
204
187
193
200
198
201
194
197
195
191
204
200
193
195
202
211
192
183
189
190
206
197
186
208
216
196
191
200
176
192
195
185
192
200
195
198
195
197
193
201
194
198
194
193
198
209
191
206
192
193
182
199
196
205
197
195
204
202
204
195
190
208
194
208
210
186
201
217
200
199
194
194
185
201
188
192
185
194
194
200
221
188
183
197
197
182
210
183
196
206
194
186
190
196
194
200
197
193
194
198
211
199
184
204
192
190
197
194
191
213
208
191
181
191
201
192
195
186
187
194
192
196
196
197
197
198
200
193
197
205
172
203
199
205
206
191
205
205
198
191
200
197
195
201
198
207
203
197
191
199
205
199
178
208
204
200
202
187
196
218
193
183
210
205
207
194
212
194
191
201
200
191
184
191
201
193
201
192
188
188
202
198
202
191
202
198
191
198
189
191
201
206
198
180
186
193
187
194
198
202
180
194
196
209
193
187
191
206
196
211
194
192
202
188
208
199
187
201
199
198
200
206
190
208
195
199
187
190
194
198
192
186
207
198
201
206
188
187
184
188
203
189
197
207
188
193
198
194
196
181
192
185
216
189
187
205
192
199
207
188
195
200
190
199
202
191
187
188
200
199
181
192
192
191
191
195
200
188
192
196
200
207
183
191
200
175
186
200
193
190
205
184
197
202
183
199
197
212
198
195
199
184
198
194
188
207
195
196
180
202
186
195
200
186
191
191
194
199
205
197
199
195
203
190
198
180
198
196
209
190
186
198
189
201
201
187
202
202
194
206
199
206
190
198
187
208
197
193
206
196
193
193
203
178
197
200
204
194
191
199
202
191
194
198
199
205
200
175
203
197
197
190
184
187
190
193
200
199
202
190
195
199
189
198
194
196
206
194
199
195
195
212
188
202
190
200
191
201
188
204
196
178
197
181
193
200
201
192
198
206
196
203
185
203
185
202
193
209
194
217
195
205
199
209
191
189
191
198
203
195
199
187
193
200
194
197
191
185
200
187
192
200
182
190
200
182
200
194
181
199
202
211
199
198
197
194
202
199
195
200
182
206
199
198
197
197
213
199
191
191
203
195
198
191
209
202
193
196
185
170
190
194
192
192
187
204
193
191
192
200
189
180
201
197
197
198
187
180
207
193
195
211
200
201
207
188
209
184
183
187
188
195
189
182
204
198
199
199
188
201
181
214
196
212
203
182
206
187
192
186
216
200
209
182
201
194
195
201
197
201
188
198
193
182
192
184
190
204
198
195
198
185
187
209
191
202
190
193
194
195
188
209
212
205
210
198
199
191
195
171
195
206
206
194
205
204
195
194
195
192
202
191
189
202
207
184
188
190
190
199
192
205
188
203
194
200
195
197
206
198
198
196
206
190
193
189
184
198
203
191
202
190
196
201
195
184
203
195
198
188
197
192
188
185
195
194
193
