1000
691203581
256308334
495220340
13006322
858377988
38747714
251885370
31275775
101147230
867930335
727120371
197918301
138056291
45846616
59285759
373561302
772661718
369690783
633181256
503988040
979390988
356611931
210421860
370266115
360562259
66017848
541016812
456372042
983729470
630036079
356654376
860917288
85857959
558544917
24211277
382790874
890094526
518990494
505812403
691646902
197944164
809167935
652647039
771474066
30013497
153116400
952206275
944058247
774735340
325389716
370524929
383775692
294878014
577900977
789422839
350027188
857732411
444544694
858068373
232208263
34048337
167067662
155411293
398459053
232474741
354888889
321444829
381422131
528846907
335268436
600105434
866659071
489786333
543270280
680195230
28651209
644097122
547921626
282557542
416231300
828804296
149691584
716519145
601313388
857656563
723385612
511145375
558754963
802005237
561739419
527546556
62316091
288552990
499934868
751543703
956089313
578709072
155885956
283246143
123243817
183057952
270759844
657789283
835672012
278381094
724059800
106089363
341621859
957360597
785118048
918659488
102057757
240090545
234522845
154377466
692936199
938073857
724720593
611804693
423758732
613626074
834693744
96268104
149351921
897800920
723871320
410478734
431026461
173416271
324854122
664645516
172391390
651601989
449413550
129046638
856521305
523441098
792491083
300171652
563148366
288241672
264057244
226930583
878250511
930633922
615094215
766797144
395825455
744522040
482224622
632569930
64858462
659837692
657495567
520982458
227031449
377677259
534853486
614887146
844211590
923183710
662937628
742082312
264072819
663209405
118471778
680244779
513654477
978529624
689018049
382431947
966991466
873683017
726162895
218240052
545950172
296147270
489839375
247992777
660394510
172677065
848428487
28185000
871077942
559802081
390119505
853622580
468353866
57796643
694349907
549959091
730543081
409194094
882295934
136904819
73248546
430074102
436757368
702795358
198353664
447202590
326950143
38916620
879589529
119925178
91166326
773777432
745909780
607883839
971982806
671381077
553170054
834085945
94805445
398302500
506599093
222618562
446080935
681171841
97657098
61345640
129793277
590264594
701934819
334760341
459247614
794858863
126133474
336148538
981099277
122221475
461650405
179600315
622891058
105788505
211270677
779110388
449508648
696647020
711776383
497795074
539832574
721432822
74731848
604033248
169524969
783514966
342416776
719597884
315663673
247806886
197355459
419104624
21340732
926673578
523616749
129187790
872047436
664767512
845232154
796010536
510876002
442529973
907425409
182008793
76539918
900457320
911689514
386319026
819847551
902956459
932539873
93859417
298446384
878831449
836736061
118333505
453543563
813076501
897232957
77644425
359397823
816946189
32971116
720738408
226227965
230350850
225444845
757476508
587903619
986290106
251501821
219432225
977132271
991356673
805643938
432867030
263988828
983599672
704706316
130395304
88657425
592364544
960504273
416350124
169225412
840885605
34632472
60316038
456712522
418244850
403245466
379287620
389511166
374064739
203289726
344356649
491483495
447924736
250036325
752606517
338854163
320142494
152335804
496046287
549862924
114251532
835744105
941804768
782937520
714432400
42069710
661668130
635620578
568263308
648819429
238006685
807131712
699427307
10000
10000000
390712629
741424037
531373441
784374860
145378858
687346426
637628799
217249295
285049179
275228896
131421248
813148336
656632828
732805490
276810111
378050622
742423842
892723696
331087715
285546470
532604733
241353033
401236198
423257968
840372013
507555088
63060498
271329029
875882847
641335660
199109021
869781152
389400367
266397697
942209351
570741564
480679567
836530203
456350667
719757784
427415234
212296331
975790434
188875963
747188782
615708749
101480654
146401205
179605911
49741428
391476465
28983116
833169939
356131300
82351605
744209688
310321781
722281519
482594003
738393930
210542298
584761075
954292586
678802972
528838321
137667468
390882816
330604829
170075086
269982013
101087514
94144785
203541143
175863489
831162978
727627760
846506228
923273688
863412659
67406528
555732996
91317199
764922705
878561852
757753626
156523466
603117893
68610805
223996645
530611129
210496133
362786987
895446503
985949191
472800213
616375304
864882698
92152045
501013411
295345937
227973838
626803476
572895486
562137019
583980679
700111619
908183693
879797563
794697165
305660459
50010043
363264479
597096602
24196175
452719789
315419572
151594361
397644241
888729614
202619612
329084380
909184701
716712420
412174858
282503315
874791438
319843228
149257892
847322418
959703191
365465996
600627871
350563294
619477898
425879990
271697058
702389288
637070183
928630783
173032470
321517942
326899893
631244652
941360485
69776606
132898542
781581518
547487955
72556960
571924016
339528584
834477594
387780259
599867803
817955650
934011600
96152686
879363798
53151256
371297046
305824242
461152245
115056697
620911038
690180084
407639000
245148357
272493511
113507210
969950723
126474891
956740884
28426359
197283176
107437176
578423504
41152636
251970142
196921417
553533717
622289857
32764946
840473683
255188236
926727998
929032667
282682693
921585564
184593691
151307933
449369218
327097749
819644404
938731577
291854999
709306279
94825246
410048912
749037759
164484337
102708717
575847350
764333890
775319466
699840794
443243246
514295912
981353893
107929908
800349897
844776554
176852578
792409609
198551329
85426367
185166133
244728495
245282985
586145969
235449748
438701914
38050421
415910982
424122743
615553402
290670635
416010585
801604331
901671664
356345137
580299881
649895462
951272763
88947371
889822528
16540009
920607157
783468287
825849359
767571231
634335524
194616915
356316627
563859062
886714915
724904101
857076035
228828906
113940859
680878120
561011305
748056559
50245904
617914151
398267631
962530050
582807746
552196910
691935191
242224480
239401974
253816637
614920642
432992126
166381029
675773655
933791235
975448956
598630980
728589160
255450010
610283556
324937878
971389372
15550499
52572939
761166202
670695380
326116597
739314520
247195746
526946980
261040721
662709632
663185858
607307644
573560528
117653901
613487300
857170265
310060892
110992337
171918106
922033333
658977391
607166706
756248377
83119940
827793487
396464008
697422308
990724685
820643819
385284054
106388567
558706501
50001950
481155513
985547182
237142456
151478139
132343973
865573569
991325841
462998741
790718628
289329952
802185034
812106573
534212517
77014958
457152033
122661265
448176546
45428877
247547771
563727045
909423842
779812396
165634461
876399362
259705898
47192598
588242801
683655873
525180699
349990585
397512137
649375237
293504119
838706644
966957068
762546887
722797736
209550708
386064194
958852312
542000610
589350536
219589247
893983763
513355429
399931442
710871544
42854119
484634035
255651312
986649089
958979482
597309991
842980642
141792165
235467276
153917096
889279276
170040814
617469394
227838563
201830312
568797286
923664621
141181448
349579642
236235026
676415662
410690272
375910427
125066796
617357363
918722452
558344939
723095468
105956116
428086663
729559164
731392505
320400366
239438734
314312895
609120622
609529234
742023253
379977266
939210842
162509760
341111638
742704209
968820443
549331537
83719544
132828958
113161036
22317155
737470447
226344357
297100285
913951085
690697498
644417910
707402913
61407978
786640378
509299270
976983462
275562265
200889808
135992347
314487499
146261800
284751241
116933611
45165502
89894596
755668050
565907206
505384056
566961757
861345462
415870736
148416622
720785398
645241139
605083080
556697011
202245710
353516142
67318913
737028719
12450064
57553340
118361817
842890376
935642900
881366127
456267758
293252852
673968357
302784873
992229381
299909795
572095795
129030594
862525260
498256315
449293041
849735023
421785562
235838940
943347720
952613401
962836204
460576021
538833278
127869444
355706466
263680627
143902827
901991713
793359586
561166395
15960581
82007019
954886816
656605957
387662246
341397729
334144343
744201415
190664950
963914091
44356861
780699439
775340592
929586537
310090786
795545647
201355383
418757499
568323188
12364127
902218779
638164352
293986517
985316176
390523303
381942372
459227662
417340266
905975728
128032382
760522815
524285765
893159644
672606368
939913339
169182121
886851367
473890211
363448723
630164654
704662282
223158825
373506196
33656142
689418945
136823646
896170513
855434180
956751740
426291702
544476103
156504461
814553845
405676165
238460058
368126807
585891791
83159122
158225172
909339036
49469110
136636228
964961722
197371360
622126911
785963851
313243150
719846279
273205253
239389897
731229663
874648810
436554420
725203009
684233685
720937468
52910966
207251560
356906055
808304115
244779889
986739550
205667521
416998611
58063537
644187897
648187204
324801533
731140788
37382703
171018583
505382563
550937940
672015232
859643775
184225759
482757440
366942018
605605083
940737411
16677755
634124450
194918403
634780804
168057094
418185834
546421460
129561606
171885891
300207688
727302766
650365201
749371861
205622215
955880509
856907189
994296281
133328953
333276061
891224617
752201070
24602462
686655708
123836512
821580266
681287877
447235806
217924347
130455447
866020933
992579669
260312221
446980604
627913902
350884340
279992080
492331587
109837478
46444837
691185367
549236295
229751030
656731442
138776253
45040508
899479774
799638975
787482695
734803697
468505612
394582404
474322870
997127893
585334589
720043789
455077572
546323341
802390697
677001258
808173160
850543608
902761299
591371802
89008208
798748837
944640496
882790788
455493489
666264321
658554970
320769434
230017122
550705531
801175634
375375783
945705936
471962783
748860589
88246558
544556074
838847724
549264955
581990312
527264185
843638466
840778197
743420370
578782371
79493662
