571
1489
2133
9487
839
2873
4379
8665
8149
9047
8817
4199
3357
7767
1483
371
1009
8459
9743
9085
259
6816
9855
6768
2933
1643
2361
2143
1279
7837
7939
1563
9667
6455
7427
717
9507
5219
6521
7891
5605
9079
4985
8003
4685
7443
3883
6611
4813
6085
781
6309
1005
9263
9473
1517
4899
8271
829
1565
653
6607
7599
5606
8333
8463
3549
837
5729
7185
4843
3151
4915
9007
8425
6941
2785
565
297
8455
3715
9237
1887
1907
4971
601
7975
171
1383
4315
9533
8299
5997
309
8547
8473
6117
5117
1685
197
4979
6227
1787
7203
5091
4351
8419
6347
987
2889
517
9401
5705
241
6091
977
4925
9753
1065
8037
9547
893
1393
4325
9051
751
6497
6273
8027
2455
4071
8221
