100
1000
299209 779689 477481 434281 564001 502681 368449 29929 703921 1369 744769 49729 57121 177241 25 908209 218089 9409 380689 529 157609 1681 80089 192721 237169 22801 151321 229441 528529 6889 769129 97969 109561 249001 677329 185761 167281 413449 332929 935089 69169 361 687241 3721 683929 635209 66049 128881 896809 344569 7921 241081 579121 383161 786769 292681 52441 358801 5041 552049 16129 58081 351649 516961 1849 208849 6241 214369 27889 4 201882 101625 403486 182221 3930 157816 325701 2265 575168 406696 132461 811458 727824 661887 285516 341253 652071 678468 815450 491794 225761 188422 975393 925943 928402 675242 214485 811069 745402 211198
1000
10201 63001 52441 58081 502681 96721 175561 169 100489 201601 3721 426409 208849 36481 528529 113569 361201 635209 477481 383161 529 32761 66049 26569 196249 564001 674041 885481 966289 375769 418609 935089 703921 6241 212521 143641 187489 6889 310249 121 994009 361 380689 5041 619369 2809 27889 97969 214369 786769 982081 237169 229441 316969 12769 157609 779689 218089 537289 54289 546121 452929 657721 654481 436921 737881 552049 29929 877969 109561 493430 282246 859321 363891 538776 459132 415869 887831 656952 670438 160790 63552 347909 743568 1629 466424 848700 552490 209882 40215 657506 172211 691453 427405 782999 805644 588759 737706 458881 375723
1000
591361 109561 201601 6889 22801 452929 994009 10201 39601 361201 844561 113569 466489 332929 196249 78961 121 5041 214369 292681 18769 49729 24649 877969 829921 10609 229441 434281 573049 187489 619369 477481 2209 908209 841 157609 1849 44521 96721 25 744769 863041 1681 259081 151321 3481 528529 58081 935089 76729 289 6241 961 966289 398161 537289 358801 579121 57121 683929 413449 546121 192721 326041 564001 11881 85849 12769 128881 491401 513091 381236 220786 408243 216899 95573 514232 166808 615115 142866 65203 51407 986441 415264 476383 902750 166390 26274 988955 824485 880466 498214 50978 596271 760863 103925 847830 127976 117154 889730
1000
635209 167281 32761 96721 100489 3481 398161 491401 885481 72361 121801 5041 97969 169 776161 368449 57121 9 253009 26569 121 27889 942841 32041 134689 299209 37249 332929 292681 528529 49 546121 877969 66049 677329 51529 229441 703921 36481 954529 597529 241081 54289 657721 237169 11881 17161 29929 143641 16129 69169 744769 361 76729 896809 375769 961 863041 4 109561 12769 466489 19321 737881 4489 1369 1849 1681 458329 80089 529041 968507 783076 436959 63337 376750 29496 18826 250413 363482 449010 292959 675472 40759 48623 461051 36241 202394 947248 595027 180920 768821 574218 662674 700564 692619 414369 69421 92695 192412
1000
361 128881 687241 703921 418609 426409 94249 24649 25 212521 358801 528529 151321 310249 344569 3721 17161 237169 78961 502681 961 326041 49 38809 654481 982081 292681 829921 192721 58081 908209 299209 552049 452929 57121 12769 26569 323761 413449 51529 4489 966289 49729 177241 734449 80089 5329 436921 994009 32041 32761 2209 383161 196249 121 97969 954529 564001 18769 597529 54289 4 769129 134689 52441 146689 109561 477481 39601 120409 841038 269513 724696 510039 73873 938828 589823 502373 714907 2648 742404 459890 137118 583719 252761 221923 551263 956894 138306 442977 397840 510407 97555 975834 716687 721072 940242 935127 215428 717848
1000
458329 196249 516961 351649 4 619369 292681 185761 502681 6889 121 44521 829921 218089 175561 863041 121801 12769 177241 16129 579121 49 201601 24649 687241 737881 6241 10201 344569 214369 124609 7921 674041 139129 22201 26569 160801 703921 38809 39601 169 410881 259081 80089 896809 877969 32041 66049 491401 908209 383161 316969 380689 73441 143641 9 3481 5041 841 591361 635209 375769 11881 942841 326041 1849 426409 332929 2209 573049 799723 297311 263216 833083 353488 287522 133070 843188 92551 334279 405344 568175 902100 171207 873538 439369 378168 309877 698884 442472 862711 611549 213526 759516 340189 669754 304186 251989 489584 226882
1000
635209 10609 160801 436921 97969 579121 120409 121801 139129 9409 72361 80089 151321 175561 26569 3721 529 12769 187489 11881 6241 491401 935089 11449 877969 177241 863041 744769 413449 273529 44521 597529 351649 113569 434281 310249 76729 841 619369 466489 134689 776161 677329 157609 24649 908209 4489 786769 383161 128881 9 229441 289 4 961 51529 727609 779689 218089 591361 259081 214369 537289 39601 1681 1369 69169 734449 57121 6889 355607 260745 641819 686551 148659 59000 218106 278583 437689 74680 357032 635164 514848 457734 382290 227245 535323 476724 645504 130237 33714 425987 94128 755159 729255 491820 97116 586885 724358 635021
1000
25 273529 292681 72361 351649 18769 24649 466489 436921 954529 58081 54289 703921 169 552049 9409 22201 22801 573049 994009 529 4489 786769 208849 196249 94249 76729 597529 37249 635209 326041 9 218089 121 410881 177241 491401 73441 546121 375769 1369 677329 57121 96721 259081 49729 128881 3481 426409 458329 201601 32761 16129 253009 687241 5041 1681 2809 310249 2209 63001 97969 502681 5329 434281 537289 966289 66049 167281 452929 179533 674220 78255 42619 527217 511052 113262 475175 364402 69672 245888 851477 434982 752249 543640 201595 437129 818696 489802 345376 231592 802383 903167 452591 655452 15487 805128 178017 180542 180490
1000
69169 344569 361 332929 214369 196249 744769 398161 413449 1681 841 113569 502681 477481 26569 863041 76729 22201 528529 703921 829921 157609 546121 961 677329 54289 85849 458329 49 597529 299209 72361 66049 2809 212521 579121 6889 17161 687241 11881 52441 358801 935089 120409 208849 25 63001 776161 326041 310249 737881 51529 368449 683929 380689 10609 591361 3721 7921 657721 100489 16129 885481 192721 249001 654481 201601 19321 121 187489 499701 638778 92670 994568 865787 56052 64917 436323 318964 778326 282758 700421 138431 118801 220486 816715 931556 685221 861051 294419 358866 106711 568390 402673 219466 341536 140449 658131 719271 47219
1000
249001 410881 167281 63001 2209 466489 564001 6241 54289 78961 49 10609 657721 253009 744769 36481 1849 579121 73441 208849 100489 452929 954529 218089 146689 299209 289 966289 80089 982081 683929 121 418609 11449 310249 961 358801 877969 96721 537289 212521 1369 151321 591361 9409 57121 822649 39601 44521 477481 273529 426409 4 619369 573049 32041 271441 332929 546121 844561 734449 201601 134689 935089 187489 368449 6889 703921 160801 380689 853323 315315 606649 275909 783981 211701 462244 274844 599575 722027 446098 608780 800682 502614 93857 110279 391301 797826 319841 412391 152461 341957 281042 688312 546727 322788 638397 102950 535832 731649
1000
32761 157609 516961 241081 237169 292681 591361 94249 134689 259081 124609 7921 109561 966289 66049 25 54289 214369 4489 167281 434281 201601 5329 249001 426409 196249 829921 654481 452929 769129 344569 310249 737881 97969 85849 139129 822649 477481 383161 39601 11449 863041 316969 727609 271441 491401 3481 896809 418609 368449 635209 687241 546121 844561 44521 9 24649 96721 187489 564001 10201 175561 17161 436921 841 332929 413449 11881 72361 63001 791883 932408 320403 695501 397851 926575 791748 311356 112305 161803 280996 909871 395537 600955 503435 127802 81255 942202 127251 679047 650816 650949 100021 375705 569107 219124 944166 659816 761784 36886
1000
332929 121 143641 4489 779689 1681 151321 516961 537289 120409 375769 187489 169 844561 3721 218089 26569 908209 477481 564001 25 323761 36481 597529 954529 982081 12769 22201 552049 877969 19321 72361 734449 273529 410881 418609 11449 27889 18769 73441 358801 10609 49729 85849 744769 426409 687241 69169 7921 9 994009 11881 229441 458329 38809 52441 316969 635209 167281 63001 703921 727609 124609 491401 2809 94249 289 786769 134689 502681 791183 176334 379284 519650 604750 26760 97056 947808 737401 590131 573335 735606 295872 772874 460433 732695 512960 809484 21700 841646 951307 393317 64098 432418 378038 63103 996735 118768 280324 245893
1000
134689 4489 452929 17161 22801 418609 113569 167281 491401 143641 654481 218089 380689 674041 398161 16129 139129 727609 822649 2809 299209 966289 6241 185761 323761 19321 529 410881 9409 271441 877969 289 253009 844561 18769 573049 546121 6889 734449 151321 214369 5041 54289 3721 537289 896809 49 744769 72361 120409 1681 196249 942841 310249 332929 39601 885481 273529 2209 57121 591361 597529 776161 619369 63001 961 201601 78961 564001 4 38206 700064 622944 315141 890466 397711 11964 90369 398884 515580 247690 829937 583319 830861 393189 669653 264046 717255 606316 959398 250841 543336 453952 234501 40508 351248 522022 926020 569178 902246
1000
3481 17161 413449 124609 477481 829921 157609 37249 361201 841 109561 552049 426409 54289 167281 344569 25 22201 273529 502681 5329 398161 332929 1681 4 160801 687241 121801 271441 100489 674041 289 935089 7921 466489 375769 877969 822649 44521 4489 218089 368449 982081 169 677329 452929 885481 201601 844561 237169 776161 896809 19321 63001 361 299209 52441 185761 436921 6889 36481 2209 146689 11449 410881 69169 177241 458329 994009 779689 216798 772051 245490 440559 403945 685711 640349 816641 260262 64029 728021 917035 145517 308805 698903 549 496400 944145 144964 595066 310229 855122 678205 979497 625666 690162 124444 155371 389167 252848
1000
196249 579121 273529 208849 380689 54289 76729 187489 29929 994009 253009 97969 58081 12769 727609 619369 121801 5329 657721 38809 528529 39601 776161 769129 10609 120409 7921 466489 6241 529 841 844561 96721 52441 908209 4489 185761 139129 564001 982081 546121 351649 192721 591361 22201 896809 177241 786769 418609 201601 175561 1681 151321 410881 22801 942841 358801 27889 11881 85849 383161 11449 674041 877969 2209 57121 66049 289 375769 10201 563188 480776 403002 341522 997334 820398 201218 860313 716836 523747 939771 159973 946022 847974 741575 637046 615425 522986 241168 248453 837067 925771 760834 642722 441774 121629 616917 289432 36892 179396
1000
344569 310249 1849 786769 10609 157609 326041 434281 573049 192721 66049 11449 579121 196249 1369 841 121 201601 564001 85849 177241 3721 7921 529 982081 32041 146689 413449 18769 466489 128881 73441 5041 954529 218089 134689 358801 863041 37249 4 16129 143641 452929 546121 253009 24649 528529 375769 502681 635209 966289 410881 167281 36481 877969 54289 214369 271441 908209 249001 39601 458329 3481 259081 17161 160801 368449 52441 896809 994009 815238 7707 88934 8073 85670 292880 163298 279862 886151 379773 685379 310232 136239 441976 67019 113437 850627 755022 928792 679022 461484 779764 272255 413422 44888 539855 455088 530545 889376 513748
1000
361201 6241 1681 368449 326041 36481 434281 241081 961 66049 11449 398161 85849 69169 208849 3481 96721 273529 73441 22801 380689 97969 16129 7921 877969 249001 966289 25 32761 17161 39601 935089 597529 49 822649 375769 185761 121 63001 564001 10201 579121 779689 4 218089 727609 841 683929 674041 26569 776161 1849 954529 259081 413449 552049 18769 786769 744769 4489 537289 908209 458329 546121 703921 121801 54289 143641 109561 24649 786632 857870 644182 840287 49756 45556 120276 670473 148514 122060 765318 917823 184979 57473 627177 699445 70368 980675 800425 238519 90635 761180 383079 999217 558679 619253 185298 302198 417973 828391
1000
63001 97969 157609 38809 253009 954529 434281 727609 657721 167281 146689 139129 292681 677329 368449 10201 344569 2209 237169 7921 143641 94249 273529 24649 436921 73441 208849 635209 326041 212521 177241 175561 776161 96721 57121 185761 841 3481 6889 44521 201601 383161 734449 516961 25 654481 591361 744769 477481 5329 597529 375769 683929 418609 982081 332929 51529 113569 78961 124609 192721 687241 10609 120409 361 779689 863041 289 466489 351649 769156 585872 776075 295054 774291 840219 344883 452017 232357 501142 504570 881414 998551 908888 687206 977788 98749 448804 589006 507356 463605 509906 172096 378151 829972 298110 656067 409670 656609 288542
1000
351649 744769 167281 326041 25 822649 383161 779689 63001 49 109561 6241 185761 113569 683929 32041 139129 1849 426409 5329 635209 361 2809 124609 361201 4 273529 344569 657721 7921 16129 332929 97969 22801 619369 9 829921 552049 29929 528529 192721 564001 942841 57121 776161 358801 734449 537289 36481 966289 218089 72361 10201 737881 78961 120409 434281 259081 9409 128881 877969 26569 687241 17161 38809 1369 786769 11449 208849 375769 349465 789429 257194 318577 833587 985795 955155 658486 230268 936401 278955 97991 953181 958849 715197 705430 474754 424733 246794 634543 781302 660162 973489 534428 720570 867778 902606 55318 917246 146752
1000
6241 786769 573049 683929 124609 466489 619369 546121 29929 310249 196249 32761 192721 727609 9409 10609 436921 73441 564001 674041 27889 410881 37249 477481 822649 201601 11449 32041 398161 3721 289 537289 97969 332929 657721 100489 368449 271441 22801 4489 935089 151321 143641 38809 17161 44521 146689 323761 229441 39601 863041 491401 2809 635209 954529 121 502681 361 326041 157609 80089 128881 11881 982081 96721 687241 829921 961 703921 383161 429866 380981 286287 417543 839855 191434 53109 13782 288675 696483 14609 362198 441100 196925 999839 582298 186623 858856 891288 555746 910278 480029 997521 561304 808204 633186 999073 356180 48393 711288
1000
829921 185761 44521 10201 38809 39601 49 78961 844561 528529 146689 5041 134689 1681 63001 383161 214369 954529 491401 452929 537289 529 241081 139129 703921 94249 841 344569 591361 966289 80089 863041 237169 674041 413449 51529 22201 201601 32761 24649 177241 54289 683929 410881 26569 418609 361 32041 727609 208849 619369 1369 769129 121 37249 96721 398161 259081 175561 113569 896809 5329 677329 17161 552049 516961 982081 502681 776161 18769 103441 449662 157543 405305 666116 650670 893967 502350 635468 983112 573487 645718 36127 285758 133262 734206 312984 274130 610346 963643 36299 967966 653371 705430 388345 879557 777153 67134 882721 687902
1000
57121 11881 6241 22801 10609 822649 344569 657721 674041 12769 528529 398161 72361 4 597529 418609 6889 375769 982081 426409 241081 942841 477481 564001 458329 66049 410881 157609 310249 134689 196249 10201 299209 516961 259081 271441 39601 436921 96721 361 151321 177241 5329 491401 212521 537289 703921 863041 76729 5041 769129 63001 687241 16129 27889 434281 175561 69169 26569 218089 961 169 44521 841 744769 51529 1681 97969 143641 11449 273099 945469 526499 856472 957395 460433 139224 286431 797947 797632 549770 450255 380252 606457 224873 637952 476495 66603 644723 919498 358213 657883 738357 641476 337557 22450 858463 241147 488510 663178
1000
113569 358801 32761 591361 323761 249001 4 426409 529 744769 502681 677329 22801 418609 410881 361201 954529 5329 822649 36481 143641 24649 25 26569 94249 299209 332929 66049 58081 908209 326041 63001 863041 253009 39601 769129 218089 477481 383161 72361 29929 100489 786769 368449 187489 935089 552049 37249 73441 829921 966289 19321 208849 292681 177241 9 85849 214369 241081 134689 38809 271441 635209 398161 11881 192721 528529 458329 375769 6889 454179 583172 949400 498608 380621 807869 31962 552522 365586 489321 493331 952507 756946 863297 293136 419211 815739 197528 445157 560096 490137 372522 338476 380256 993299 484211 724948 864963 917763 52184
1000
10609 635209 196249 418609 316969 11881 19321 410881 954529 779689 160801 143641 877969 146689 58081 63001 52441 546121 208849 908209 151321 289 657721 241081 436921 273529 5329 896809 237169 124609 22201 458329 134689 32761 674041 994009 1369 841 57121 822649 212521 654481 844561 528529 169 351649 6889 26569 36481 597529 413449 677329 935089 380689 299209 552049 22801 358801 69169 38809 361201 687241 259081 744769 703921 167281 466489 885481 863041 2209 586784 879312 259425 743801 667228 341830 17890 762677 862408 615277 259019 760487 930992 721627 220900 65060 14912 356852 219447 488954 402630 595573 395282 379524 820731 863420 531665 141873 399014 40160
1000
4489 212521 18769 32761 537289 398161 452929 201601 143641 744769 994009 51529 619369 160801 3721 657721 38809 351649 841 259081 289 3481 5041 786769 935089 218089 27889 2209 597529 96721 961 52441 436921 546121 954529 703921 776161 516961 139129 1849 458329 383161 17161 157609 73441 94249 36481 121801 271441 63001 273529 683929 896809 413449 128881 11449 674041 734449 11881 316969 100489 368449 323761 69169 727609 109561 529 6889 358801 196249 127418 740515 299494 957634 732029 660330 284520 684612 6522 601261 227933 839415 176962 395004 607368 445111 409426 429091 91768 48835 927164 122388 592015 32619 634774 71804 352238 393640 570562 131227
1000
241081 289 361 167281 597529 657721 546121 185761 3721 410881 237169 654481 4489 5041 908209 683929 271441 529 477481 36481 37249 779689 128881 877969 96721 982081 259081 841 2209 863041 3481 619369 63001 966289 737881 502681 896809 942841 786769 29929 674041 214369 94249 579121 201601 73441 253009 7921 66049 22801 516961 52441 358801 49 76729 151321 528529 822649 113569 17161 212521 51529 249001 39601 160801 124609 192721 994009 120409 58081 817952 396307 775942 881471 370123 682946 788680 601536 109854 402760 941840 823645 193322 710857 139545 48844 133807 440809 175374 871560 429547 237844 259268 642289 150808 396290 443811 304180 192871 588819
1000
175561 552049 208849 687241 121801 6889 22801 4489 57121 410881 58081 299209 17161 737881 218089 316969 157609 146689 11449 3721 954529 54289 727609 683929 100489 63001 139129 779689 109561 1849 18769 16129 11881 529 326041 19321 24649 908209 4 573049 896809 134689 528529 942841 51529 229441 677329 160801 537289 597529 44521 635209 310249 201601 6241 885481 994009 192721 502681 124609 237169 744769 7921 368449 418609 477481 169 259081 10609 73441 985598 32094 780250 924346 477477 216562 442746 930450 426693 974969 528692 269181 210782 617803 825144 466902 81689 409133 838297 217889 283436 824067 912637 732928 273265 695987 682258 916853 161150 732753
1000
316969 18769 351649 1369 954529 368449 52441 863041 151321 10609 208849 146689 5041 97969 69169 11881 196249 249001 134689 66049 73441 2209 935089 121 877969 591361 2809 80089 361201 779689 375769 187489 185761 597529 564001 552049 434281 49729 94249 4489 677329 143641 121801 175561 259081 310249 982081 458329 344569 299209 85849 6241 78961 9409 109561 160801 63001 683929 844561 966289 829921 383161 29929 822649 139129 72361 5329 57121 25 1849 198650 817867 327030 273117 720345 723767 145512 595126 179295 258924 764862 983606 105021 179577 148286 542242 252745 397799 681565 570360 546140 213482 543098 202122 591329 833530 956130 152153 492092 120974
1000
418609 121801 683929 591361 192721 128881 241081 361201 841 9 185761 908209 299209 877969 573049 966289 151321 380689 146689 212521 63001 529 187489 29929 410881 208849 452929 12769 776161 134689 22201 58081 744769 5041 10609 458329 734449 6889 383161 516961 121 229441 19321 259081 169 994009 32041 97969 635209 24649 579121 69169 2209 16129 44521 398161 323761 310249 218089 49729 167281 737881 10201 2809 844561 896809 537289 1369 4 769129 681216 921660 687640 62493 830070 967287 643003 611256 583662 891483 886998 626854 251442 450647 450678 736446 892110 88631 606069 664792 67340 378227 543917 664004 560509 867646 752615 440761 672241 786339
1000
351649 249001 310249 253009 9 17161 380689 76729 654481 597529 5041 185761 229441 786769 299209 734449 537289 151321 822649 418609 11449 78961 332929 579121 3721 426409 51529 167281 635209 25 674041 1681 214369 961 26569 96721 375769 120409 358801 273529 552049 10609 18769 57121 237169 935089 121801 776161 994009 591361 177241 134689 361201 11881 44521 292681 528529 16129 516961 896809 9409 413449 954529 72361 477481 192721 19321 2809 85849 160801 622492 825206 917445 848899 169585 15019 269748 777213 411977 672546 504058 922568 186276 382246 177308 837440 367669 890177 989544 867550 53974 673977 229240 115345 506141 365237 99361 42726 906322 975901
1000
418609 528529 97969 26569 121 358801 844561 237169 635209 109561 100489 9409 677329 94249 6241 78961 841 241081 201601 63001 113569 982081 477481 292681 954529 703921 25 17161 39601 175561 4 249001 316969 128881 54289 151321 529 380689 326041 829921 994009 58081 19321 32761 323761 863041 196249 69169 27889 49729 52441 491401 502681 683929 619369 124609 734449 436921 49 351649 410881 961 908209 935089 10609 80089 597529 214369 299209 72361 604329 208957 971517 650685 920576 342418 137603 354470 189818 369033 553115 381499 469645 820848 948886 118066 457880 296743 879331 373637 665560 474242 647630 637671 973924 531395 523501 675426 907728 284246
1000
139129 822649 22201 779689 961 316969 786769 52441 292681 734449 151321 66049 344569 776161 160801 208849 57121 73441 877969 358801 537289 69169 24649 2809 1369 143641 579121 120409 94249 26569 591361 78961 452929 271441 51529 49 10609 2209 516961 218089 9409 32761 769129 187489 177241 994009 134689 237169 458329 674041 744769 829921 687241 564001 201601 12769 703921 552049 361201 299209 677329 11449 426409 368449 844561 383161 885481 273529 167281 3721 104530 192223 813920 658327 713803 921830 642478 785487 861348 141140 165653 950556 22778 187012 943915 350106 23055 633677 10502 871977 666481 171686 595663 952514 288454 121690 488032 567519 879252 981660
1000
10609 22801 66049 5041 134689 253009 78961 57121 229441 192721 187489 167281 822649 982081 51529 908209 259081 323761 9409 310249 3481 49729 677329 434281 380689 885481 361 896809 2809 292681 564001 72361 54289 36481 2209 344569 11881 97969 185761 175561 121 6241 25 120409 4489 100489 26569 546121 94249 410881 196249 368449 737881 3721 1681 734449 413449 844561 466489 212521 537289 477481 16129 326041 332929 24649 273529 96721 863041 528529 545215 498075 715228 534338 627737 868377 82265 605459 351345 49894 299356 901309 979845 526726 551335 191990 444925 773264 213434 924129 343133 495595 17332 487405 15217 840154 434927 699883 635435 997685
1000
885481 139129 323761 458329 109561 26569 11881 113569 32761 961 5329 2809 121801 361 253009 271441 214369 822649 19321 54289 96721 994009 361201 908209 63001 413449 100489 29929 22201 1681 654481 657721 9409 966289 516961 177241 491401 24649 380689 192721 528529 635209 597529 69169 332929 66049 38809 175561 351649 241081 57121 619369 36481 44521 22801 151321 4489 310249 37249 218089 426409 124609 954529 143641 146689 776161 552049 11449 120409 51529 867604 352228 9005 242536 733905 990616 650738 427748 26543 741693 408855 527971 757191 580835 591187 34996 373583 870596 134031 935948 607944 200132 185348 905481 577417 270721 80292 411853 976126 667685
1000
1681 139129 942841 323761 17161 994009 677329 58081 779689 452929 935089 259081 63001 380689 57121 361201 169 24649 863041 29929 657721 39601 177241 674041 368449 49729 10201 214369 383161 196249 27889 516961 361 654481 120409 22201 12769 744769 160801 121801 885481 466489 3481 187489 375769 734449 1369 11449 358801 597529 100489 44521 52441 19321 49 477481 5041 877969 3721 4489 426409 94249 776161 954529 982081 579121 16129 37249 703921 434281 893320 374551 18231 567860 637246 395415 699559 696855 635262 867046 228390 722613 286404 111409 448216 31772 944742 841475 394866 738582 306094 433021 160911 209357 16766 954218 443734 746761 380060 838092
1000
344569 452929 683929 877969 185761 4 358801 1849 96721 5041 29929 657721 49729 383161 17161 157609 579121 935089 208849 418609 26569 167281 375769 146689 426409 128881 477481 2209 78961 113569 9409 6241 323761 121 982081 885481 19321 9 703921 635209 289 3481 253009 54289 292681 687241 63001 436921 22801 361201 4489 829921 72361 139129 310249 16129 85849 273529 3721 822649 214369 466489 58081 100489 896809 177241 7921 368449 44521 124609 309504 26885 853662 117401 230314 600969 378464 666307 394297 125335 969069 13397 53360 297677 9622 466773 934307 48145 174900 716892 753115 780596 411625 744572 952890 189697 676772 689533 546684 902655
1000
491401 426409 351649 844561 966289 410881 94249 80089 16129 187489 52441 24649 249001 1681 942841 37249 58081 22801 4489 466489 72361 185761 477481 546121 49 169 358801 96721 97969 36481 579121 418609 877969 564001 32041 259081 516961 368449 310249 2809 57121 375769 361201 134689 502681 121 49729 25 591361 829921 1369 38809 436921 654481 841 289 26569 361 177241 7921 326041 537289 552049 143641 3481 167281 121801 383161 908209 11449 792717 358459 843997 60603 498348 819700 84488 109078 554975 611143 392332 733467 677093 522397 443507 866801 959358 306422 392364 110956 874057 328376 582718 569267 280369 67213 888474 347959 204094 487146
1000
175561 776161 744769 4 896809 418609 516961 982081 29929 361 289 769129 9 49729 109561 737881 323761 57121 687241 436921 97969 546121 160801 398161 94249 124609 344569 935089 885481 942841 121 564001 4489 201601 299209 368449 954529 273529 829921 17161 36481 10201 113569 63001 32041 779689 6889 292681 196249 410881 212521 49 80089 32761 908209 139129 727609 332929 37249 38809 841 966289 253009 1681 58081 69169 491401 100489 18769 5329 468439 894659 816035 357435 576317 249552 154288 918161 849308 944905 174824 237770 107125 754405 724598 559183 751770 210091 533285 572002 639310 114537 967399 930885 1052 988167 449745 313341 610588 428348
1000
185761 2209 97969 942841 413449 160801 674041 3481 436921 4489 619369 564001 241081 69169 289 146689 683929 6889 151321 134689 323761 121 426409 776161 249001 885481 196249 466489 271441 829921 383161 121801 677329 49 418609 16129 187489 57121 29929 94249 66049 25 80089 18769 214369 841 332929 528529 10609 994009 491401 635209 26569 375769 2809 398161 113569 100489 36481 49729 175561 5329 72361 76729 591361 877969 58081 237169 552049 273529 77627 753585 375612 741039 584463 298444 283673 912325 9707 827187 95192 855653 123489 342325 435580 949065 253406 491937 529782 319157 901858 252127 89422 915982 719708 261636 587949 251105 970139 496737
1000
94249 361 175561 2209 32041 25 552049 635209 212521 10201 597529 727609 9409 380689 326041 143641 426409 5329 966289 259081 57121 177241 591361 674041 38809 537289 19321 18769 529 124609 24649 120409 134689 573049 344569 436921 44521 877969 229441 289 677329 76729 564001 169 49729 187489 383161 398161 22201 779689 146689 78961 51529 994009 516961 11449 351649 896809 63001 12769 683929 434281 844561 26569 49 253009 822649 54289 16129 80089 829335 944868 193186 990125 907751 852230 128780 298572 14663 749527 630598 346347 631682 407888 67023 305567 811104 734241 205966 656553 468871 821202 366717 574252 129714 432593 803894 43619 605029 614057
1000
192721 683929 380689 97969 85849 96721 935089 7921 361 458329 146689 573049 167281 11881 36481 4 5329 383161 361201 72361 39601 961 76729 597529 6241 844561 218089 841 22801 744769 776161 942841 619369 212521 546121 822649 344569 516961 703921 11449 100489 5041 109561 537289 32041 69169 6889 737881 908209 877969 734449 185761 201601 17161 52441 18769 38809 9 687241 2209 863041 10609 273529 994009 73441 398161 323761 1849 12769 292681 669932 608770 152474 595721 912675 786606 876019 753404 910361 108584 84972 102180 292942 285538 993132 818244 355373 785662 601799 471838 1711 344738 780497 382597 674329 94271 294677 728727 149295 827354
1000
744769 51529 7921 151321 134689 78961 579121 52441 113569 703921 241081 3721 249001 942841 410881 22201 966289 3481 124609 351649 687241 32761 727609 10609 1681 128881 54289 529 368449 458329 674041 214369 877969 994009 6889 120409 259081 434281 326041 332929 16129 49 38809 73441 776161 97969 9409 1849 786769 677329 80089 657721 5041 552049 69169 196249 237169 982081 11449 573049 37249 273529 57121 169 619369 829921 502681 413449 361 683929 735340 504759 30562 592261 183946 11677 370723 260355 901509 433643 980550 208102 807642 397038 569153 678437 65845 202225 543267 858397 685940 686598 320300 78788 211740 28213 239545 892074 431912 330707
1000
477481 368449 121 942841 192721 160801 332929 344569 259081 237169 292681 76729 241081 841 564001 573049 703921 113569 175561 966289 299209 187489 72361 134689 212521 9 29929 361201 273529 380689 591361 22201 157609 776161 10609 3721 779689 12769 2809 73441 44521 466489 177241 361 6241 38809 69169 124609 310249 218089 436921 78961 94249 326041 5041 208849 552049 66049 885481 654481 786769 151321 51529 529 120409 146689 537289 1681 10201 49 319802 393516 311165 97994 10974 543086 627598 588694 253140 960821 285154 366016 548556 318790 531191 339844 654096 311335 479480 182733 759656 316193 459184 432074 401864 284729 443382 190711 444428 661968
1000
418609 1681 229441 727609 177241 619369 436921 80089 383161 776161 218089 458329 259081 326041 241081 466489 516961 128881 591361 502681 187489 982081 477481 2809 72361 3721 237169 208849 885481 413449 157609 528529 160801 5041 253009 6241 310249 966289 597529 358801 57121 537289 896809 37249 323761 22801 58081 829921 169 146689 16129 49 49729 779689 292681 452929 410881 51529 368449 635209 271441 316969 529 78961 564001 687241 113569 26569 96721 11881 953072 243140 632572 541804 289456 459751 570766 26158 356205 900390 659173 736189 239703 325890 949638 139340 890916 854789 795478 689432 806233 325438 310891 702634 594025 527592 460296 404214 284408 189147
1000
734449 237169 7921 776161 44521 426409 97969 26569 18769 241081 674041 32761 546121 146689 113569 175561 259081 994009 635209 779689 2209 169 143641 11449 39601 573049 769129 289 935089 160801 9409 49 310249 654481 58081 52441 413449 316969 22201 844561 66049 201601 410881 361201 380689 619369 954529 253009 192721 128881 657721 5329 516961 418609 3481 38809 94249 63001 677329 76729 502681 6241 961 727609 25 51529 368449 552049 10201 24649 654417 14624 10516 15696 66201 675415 629630 688054 730481 102415 509650 385323 601788 401452 597145 52831 993338 364532 571537 777987 669777 443839 747712 381355 617739 404421 376321 730343 645068 936042
1000
361201 32761 169 942841 537289 410881 458329 69169 7921 961 619369 1849 259081 1681 727609 29929 24649 516961 332929 935089 271441 26569 4489 2209 368449 687241 310249 11449 10201 683929 78961 5329 94249 1369 744769 573049 19321 241081 38809 6889 2809 579121 121 80089 54289 212521 85849 175561 361 677329 22201 249001 96721 120409 63001 6241 418609 776161 128881 196249 844561 139129 44521 375769 151321 591361 146689 214369 57121 121801 833204 822576 385238 601214 839803 182885 611650 948070 99356 993653 922760 807709 242196 249055 787518 591708 542823 613578 196302 974408 764616 61840 207060 274658 538106 449967 629463 365230 131144 214456
1000
96721 776161 452929 537289 36481 323761 375769 196249 10609 410881 552049 398161 1849 273529 128881 502681 292681 5329 4489 157609 383161 109561 167281 37249 78961 51529 654481 1369 841 57121 17161 218089 214369 3481 121 7921 4 344569 844561 822649 361 289 69169 185761 38809 26569 310249 491401 727609 175561 458329 160801 151321 22801 546121 212521 935089 579121 436921 380689 100489 299209 769129 120409 229441 677329 863041 942841 24649 32761 21231 784962 288667 373045 214527 628306 240544 891273 652477 222431 735421 171925 715857 325223 875592 940283 514589 563053 464017 612110 261 553868 954937 717265 377300 37021 73393 496457 990459 383176
1000
27889 76729 69169 436921 683929 452929 310249 175561 73441 273529 128881 6241 361201 151321 368449 426409 54289 351649 546121 9409 58081 552049 418609 192721 5041 776161 22201 398161 619369 413449 2809 17161 674041 982081 491401 703921 344569 737881 502681 39601 97969 323761 326041 218089 139129 259081 78961 26569 410881 687241 66049 201601 9 25 11881 185761 994009 52441 36481 358801 5329 72361 573049 829921 299209 332929 361 51529 289 477481 608432 735815 332213 10328 224191 736938 826045 526296 784660 858306 762677 468284 483332 331958 153227 835036 110361 300860 460819 67768 935679 116014 789409 725323 980014 986395 546420 631780 242508 329923
1000
12769 52441 5041 253009 375769 477481 196249 961 54289 121801 361201 1681 273529 466489 727609 160801 185761 6241 289 966289 413449 737881 124609 16129 11449 885481 18769 29929 3481 169 579121 896809 57121 63001 703921 310249 22801 316969 491401 323761 97969 51529 1849 458329 398161 19321 7921 516961 27889 49729 72361 452929 591361 139129 9 597529 113569 635209 6889 38809 537289 69169 201601 151321 877969 218089 128881 96721 529 134689 246670 44910 206156 40212 26304 255705 779237 431262 150721 777160 549340 257299 762179 661008 238317 920434 792235 97530 209341 683638 219041 28723 553232 591563 270566 289780 461897 71250 799472 106938
1000
657721 537289 841 452929 229441 22201 160801 2209 17161 516961 177241 844561 368449 80089 51529 76729 502681 654481 310249 128881 829921 458329 44521 19321 27889 121801 253009 11881 96721 822649 573049 529 1681 744769 737881 192721 121 677329 52441 418609 546121 597529 935089 942841 351649 289 413449 29929 169 10201 237169 175561 5041 7921 66049 94249 703921 208849 734449 32041 727609 954529 167281 100489 273529 491401 383161 157609 9409 36481 860904 812498 860919 922224 140173 180394 231966 851382 647815 317512 485788 974007 39741 146528 75082 795321 309111 59634 759337 662356 622261 897211 271890 385223 233273 872182 510086 734807 829887 575097
1000
994009 591361 52441 54289 44521 619369 16129 966289 2809 134689 734449 22801 253009 146689 6889 546121 452929 703921 2209 120409 10609 516961 326041 332929 727609 737881 73441 528529 58081 212521 822649 657721 17161 982081 27889 208849 271441 344569 175561 96721 375769 466489 169 94249 85849 829921 885481 1369 786769 502681 310249 37249 491401 196249 1681 674041 436921 361 635209 573049 5041 57121 844561 160801 185761 128881 434281 552049 410881 383161 31481 121658 792119 273867 20744 906313 477450 534983 734320 480542 652267 612367 766276 245505 899119 786879 7405 320946 615862 360195 253566 348169 414031 653376 203539 5957 253307 392332 1609 637360
1000
52441 292681 3481 426409 546121 10609 1369 24649 727609 177241 361201 73441 22201 674041 316969 237169 4 69169 502681 273529 146689 529 458329 2209 27889 120409 11449 36481 5041 19321 935089 160801 491401 552049 841 143641 4489 187489 241081 299209 361 196249 786769 822649 687241 877969 863041 683929 78961 654481 358801 436921 954529 25 249001 17161 477481 32041 528529 351649 619369 310249 10201 564001 410881 398161 212521 66049 734449 134689 436393 978637 952550 604858 658940 63044 373509 557339 212672 785879 261663 340754 644472 451620 823875 973481 290653 913518 620180 874358 592791 528797 179876 655636 61197 972011 296245 677836 887292 341740
1000
326041 49 323761 434281 69169 11881 552049 253009 961 368449 124609 18769 22201 6241 776161 822649 316969 942841 674041 779689 477481 635209 7921 344569 2809 120409 896809 146689 597529 185761 128881 4489 157609 727609 9 657721 982081 11449 994009 96721 528529 169 703921 73441 841 97969 17161 58081 32761 885481 72361 516961 10201 100489 51529 121801 491401 1369 214369 76729 844561 4 292681 201601 537289 5041 218089 935089 237169 241081 407104 354760 366688 960134 950815 901293 434827 149239 482041 515066 485967 153712 845579 416367 349170 14091 590332 138755 823485 947467 213488 699107 517651 103429 198645 420534 583014 89061 638899 473545
1000
80089 436921 734449 5329 502681 6241 196249 1681 491401 25 368449 97969 351649 654481 358801 66049 19321 4 1849 597529 208849 564001 100489 253009 27889 413449 72361 677329 966289 961 579121 380689 12769 7921 32761 935089 58081 375769 10201 36481 192721 29929 779689 383161 139129 299209 477481 113569 877969 177241 39601 157609 829921 452929 143641 218089 11449 5041 10609 737881 24649 657721 289 683929 151321 332929 546121 529 187489 214369 755363 96973 473450 168115 211673 847313 947336 546629 792060 873253 483544 582918 592998 994316 128913 77815 478356 359288 608919 724591 113336 677722 913126 555487 658921 747081 985247 560106 922198 49572
1000
537289 844561 18769 218089 786769 1369 368449 253009 128881 452929 310249 19321 380689 185761 687241 241081 27889 66049 326041 208849 528529 146689 885481 674041 175561 516961 877969 737881 954529 36481 994009 7921 426409 361201 552049 316969 26569 292681 597529 4489 619369 12769 32041 134689 25 49 212521 9409 16129 113569 344569 177241 167281 942841 5041 410881 3481 63001 109561 299209 982081 635209 6241 51529 769129 3721 477481 80089 10201 52441 485899 643700 701328 736697 177053 146307 643427 697322 787593 531606 568982 977087 515213 862211 327338 504489 147775 401525 19311 813380 499573 973659 188348 247938 252599 206462 835765 960992 947443 953802
1000
212521 982081 12769 113569 769129 375769 32041 208849 201601 529 734449 36481 271441 24649 169 157609 51529 160801 683929 72361 10609 491401 25 109561 94249 32761 885481 37249 597529 4 822649 426409 7921 187489 786769 18769 502681 727609 192721 703921 22801 146689 546121 942841 9 58081 2809 128881 436921 289 452929 776161 841 124609 38809 5329 96721 326041 896809 19321 344569 63001 434281 323761 121801 139129 97969 552049 9409 143641 204776 221775 345658 226926 59958 295284 18194 880077 163313 753508 130006 726147 215200 564474 651145 714657 759760 471928 103899 881759 42915 827361 438085 206885 876392 337819 545122 939990 288098 297790
1000
38809 961 63001 58081 96721 151321 528529 2809 146689 25 398161 94249 434281 516961 218089 537289 635209 502681 1369 477481 908209 10201 249001 344569 208849 677329 121801 654481 737881 100489 273529 683929 413449 744769 124609 241081 29929 229441 27889 32761 51529 734449 6241 32041 120409 844561 375769 7921 289 11449 383161 187489 212521 552049 1681 16129 175561 966289 134689 44521 36481 76729 196249 436921 169 727609 73441 885481 192721 418609 886632 859115 337259 675861 169581 63805 821009 646148 704690 839321 943887 760156 757584 949697 179669 511819 731063 397231 809081 422043 505749 866662 479079 1592 381728 928381 412107 376839 440047 921338
1000
143641 776161 351649 10201 24649 564001 201601 5041 323761 683929 25 96721 896809 241081 7921 78961 677329 9 39601 36481 49729 11881 458329 877969 552049 97969 597529 491401 167281 310249 72361 4489 477481 237169 17161 249001 579121 361201 212521 935089 466489 1369 635209 316969 418609 332929 32761 326041 769129 6889 229441 591361 829921 51529 175561 52441 844561 22201 120409 214369 259081 426409 703921 2809 687241 44521 885481 966289 841 344569 967296 656271 741416 432407 40362 68133 305236 132191 764778 71665 331629 971984 419527 48814 271177 149085 331563 284864 912597 866019 569372 586714 47880 424282 353304 144993 942800 210696 503439 239874
1000
273529 97969 375769 38809 398161 9 7921 436921 51529 169 12769 124609 769129 744769 80089 29929 121 100489 113569 863041 208849 19321 2809 44521 17161 289 316969 157609 253009 323761 259081 619369 966289 37249 954529 413449 26569 25 58081 994009 546121 564001 829921 410881 69169 2209 358801 361201 134689 4489 146689 72361 591361 22801 734449 212521 4 418609 597529 237169 32761 844561 491401 57121 24649 54289 201601 786769 299209 167281 948319 491503 515015 206072 940490 997736 459897 951812 267625 221672 557613 332675 44606 164765 422803 973919 819342 306631 108455 974408 565826 944943 16919 1826 481787 123323 357488 3560 670240 813583
1000
546121 16129 452929 466489 24649 786769 635209 10609 677329 229441 537289 908209 687241 85849 113569 841 619369 185761 121 120409 776161 2209 7921 218089 57121 426409 25 9409 27889 877969 66049 63001 591361 332929 966289 253009 6889 177241 128881 502681 358801 38809 829921 192721 383161 49 271441 29929 134689 259081 169 982081 896809 5329 954529 109561 10201 597529 326041 167281 564001 436921 54289 11449 368449 146689 49729 1849 175561 683929 561586 653485 162970 781447 71504 822298 510710 678285 567975 122592 572476 389389 897580 36376 878582 782328 289337 232955 841067 844821 177447 920971 617734 444158 747932 640835 336603 643059 181331 490831
1000
271441 218089 573049 49729 80089 375769 100489 96721 49 27889 703921 344569 69169 954529 727609 9409 201601 657721 885481 5329 358801 502681 169 253009 418609 299209 908209 160801 564001 66049 413449 97969 323761 22801 249001 121 187489 776161 597529 134689 434281 1849 687241 361201 1369 139129 744769 11881 368449 677329 143641 737881 177241 16129 466489 212521 452929 654481 273529 19321 994009 426409 128881 966289 961 436921 351649 22201 383161 6889 736581 608446 374106 545538 651673 786960 154883 559652 837619 428445 841947 85609 624132 140088 519809 576112 982740 537905 429603 75871 205874 278146 710799 547693 528060 99534 959531 270691 559042 793389
1000
121 822649 361201 9409 358801 829921 2809 491401 146689 157609 201601 310249 737881 413449 124609 253009 26569 344569 591361 332929 436921 434281 10201 994009 452929 744769 529 6241 546121 502681 66049 375769 151321 16129 229441 687241 85849 69169 208849 218089 120409 841 1849 22801 121801 76729 368449 458329 249001 6889 677329 635209 273529 54289 100489 326041 380689 877969 769129 674041 37249 786769 619369 3481 96721 143641 564001 477481 954529 299209 364633 757099 280676 868340 418533 636385 639155 768913 462065 932906 689198 480522 864481 638709 782629 93883 348267 666483 98204 632483 200256 766538 877035 408986 131816 239150 533979 825973 675330 160388
1000
961 885481 654481 160801 863041 97969 16129 19321 36481 344569 192721 9 26569 271441 292681 703921 167281 564001 323761 120409 966289 73441 69169 375769 546121 516961 776161 218089 11881 157609 22201 786769 426409 139129 80089 844561 398161 5041 994009 619369 896809 49729 737881 58081 124609 3481 466489 134689 113569 109561 299209 249001 29929 537289 51529 66049 63001 151321 22801 332929 241081 477481 169 361201 54289 76729 32041 935089 37249 383161 952947 137235 664648 599781 138979 603286 563278 801636 61451 888132 919789 914342 322119 823505 299580 56822 277884 247854 936824 956938 581339 499053 166991 861592 824418 601066 955037 386158 202889 485326
1000
253009 96721 358801 121 16129 128881 51529 69169 39601 310249 11449 273529 323761 844561 316969 25 57121 6889 674041 6241 1681 78961 157609 654481 546121 326041 516961 27889 597529 375769 3721 502681 24649 332929 76729 73441 26569 2209 38809 10609 9 2809 458329 249001 109561 635209 85849 1369 97969 54289 413449 877969 80089 44521 192721 121801 32761 908209 212521 786769 677329 994009 113569 299209 208849 229441 259081 573049 12769 237169 850088 866643 470 652281 931982 565091 884937 507962 791744 714783 765491 37957 619052 703810 864901 293245 558525 697797 714768 580721 823292 956236 753425 486787 448998 238400 943455 876919 288283 1512
1000
134689 573049 434281 26569 841 58081 36481 39601 185761 19321 323761 54289 579121 528529 332929 51529 292681 10609 597529 25 259081 12769 151321 24649 844561 326041 361201 2809 289 11449 80089 10201 22201 96721 418609 38809 22801 63001 69169 32761 196249 5041 11881 237169 121801 361 97969 961 552049 143641 687241 863041 4489 76729 1369 458329 502681 253009 3721 413449 537289 66049 72361 113569 410881 358801 380689 491401 546121 212521 590358 929580 291821 181032 665884 997424 778136 928763 885595 258107 458260 876243 968399 799653 785577 192801 139493 125379 244072 323689 279931 305995 33066 123021 553605 57331 496770 370772 254877 235843
1000
2209 37249 687241 375769 54289 100489 10609 383161 546121 44521 22201 413449 249001 139129 727609 12769 237169 109561 17161 966289 11881 72361 885481 271441 961 32761 418609 358801 177241 7921 16129 32041 552049 143641 398161 187489 49729 528529 994009 9409 452929 27889 289 175561 38809 502681 863041 942841 368449 436921 22801 18769 73441 734449 579121 786769 935089 63001 52441 954529 19321 94249 97969 157609 273529 591361 597529 635209 214369 410881 595575 979676 700499 810670 384456 314547 811684 764125 614447 182070 272967 203958 932849 876355 895764 82080 652548 798219 812336 304385 230275 168506 182082 215541 879329 413554 697221 711836 410347 601362
1000
49729 38809 249001 169 49 253009 516961 22801 73441 19321 175561 128881 160801 537289 502681 292681 11881 491401 11449 96721 1681 687241 6241 982081 72361 380689 326041 16129 9 192721 954529 63001 4 885481 2809 57121 196249 80089 674041 97969 351649 737881 703921 6889 85849 273529 863041 966289 237169 2209 58081 383161 436921 375769 844561 100489 78961 208849 822649 418609 32041 434281 316969 619369 289 332929 477481 5041 10609 361 607602 622037 410214 686820 717174 288457 202157 584477 289872 529865 656621 464638 419151 615622 461184 764592 124941 500508 21341 26954 953458 804625 375590 657379 612345 987429 310080 675932 493597 164237
1000
36481 687241 477481 139129 299209 37249 573049 19321 54289 779689 528529 961 196249 954529 7921 361201 124609 1681 579121 332929 458329 175561 187489 383161 177241 966289 121 10609 32041 52441 863041 73441 413449 100489 128881 32761 167281 253009 85849 994009 908209 344569 310249 69169 38809 591361 737881 896809 271441 29929 935089 113569 703921 39601 10201 143641 27889 786769 26569 12769 841 97969 452929 529 885481 375769 368449 1369 72361 683929 452563 43709 263824 354636 964066 678422 703536 241877 735828 834290 872249 671726 220111 750689 774320 607039 409026 63495 21782 102839 624094 153188 126745 859417 404603 216700 614814 910654 253072 476321
1000
24649 32041 29929 175561 516961 466489 537289 160801 212521 229441 434281 109561 253009 22201 3481 896809 134689 2209 146689 289 76729 744769 169 398161 52441 323761 477481 214369 27889 677329 39601 375769 829921 491401 44521 687241 458329 3721 292681 452929 769129 120409 529 502681 208849 410881 241081 85849 271441 703921 546121 73441 196249 57121 954529 218089 564001 426409 22801 11449 2809 11881 100489 157609 10609 351649 654481 96721 844561 32761 744383 40269 375649 359887 633894 223373 666420 57027 487767 71773 322590 735047 298754 840337 940819 963487 483507 224330 265857 416089 187201 333410 624892 1037 460362 290288 424492 271080 338581 916271
1000
120409 212521 687241 249001 4 109561 22201 326041 942841 273529 982081 32761 52441 169 78961 241081 619369 744769 597529 44521 196249 413449 351649 38809 966289 27889 410881 829921 310249 51529 208849 954529 94249 677329 380689 552049 4489 426409 57121 398161 66049 737881 703921 124609 63001 573049 579121 229441 271441 146689 29929 2809 375769 657721 822649 786769 22801 237169 19321 259081 769129 11881 175561 97969 323761 187489 734449 157609 201601 935089 923816 134162 518418 493148 741307 911178 839495 437833 775949 27815 413866 134688 611869 365271 709871 244594 340513 729150 725514 353308 875433 131239 894708 790614 337287 440342 658848 102728 729319 3727
1000
579121 677329 49 32761 863041 368449 316969 383161 546121 11881 253009 516961 310249 25 76729 66049 954529 63001 779689 529 458329 120409 10201 844561 100489 38809 143641 271441 37249 289 113569 124609 44521 5329 2809 49729 935089 212521 185761 564001 3721 208849 896809 942841 452929 413449 85849 9 175561 877969 4489 69169 241081 51529 982081 22801 54289 78961 6889 966289 737881 635209 249001 97969 332929 121 358801 299209 829921 326041 47417 894579 904366 539245 688788 237716 270996 370838 999642 848198 194955 798572 754013 99050 382993 424813 65798 870988 980381 901159 614592 151882 910766 70464 170749 203032 943487 382266 132382 51339
1000
253009 49729 383161 11449 143641 935089 289 121801 398161 36481 502681 844561 674041 896809 368449 18769 5329 19321 654481 72361 537289 2209 97969 17161 994009 271441 146689 54289 326041 410881 677329 591361 7921 22201 885481 94249 961 822649 69169 169 292681 273529 10609 52441 128881 201601 11881 22801 452929 157609 413449 426409 85849 529 769129 3481 954529 121 49 12769 477481 316969 1369 573049 942841 2809 6241 776161 44521 546121 125148 267695 860062 758942 717643 335536 415621 445495 49317 566225 782154 799692 512397 509884 316442 938183 860916 992712 626948 623764 897941 460994 358 175629 283866 270391 266088 198674 96909 322221
1000
383161 124609 139129 426409 6889 109561 829921 121801 677329 121 885481 1681 160801 72361 674041 185761 9 961 78961 175561 69169 167281 249001 237169 398161 22201 11881 844561 591361 491401 737881 5041 368449 9409 744769 27889 687241 100489 37249 49729 982081 44521 597529 727609 323761 564001 1369 516961 97969 113569 326041 786769 36481 779689 375769 38809 80089 17161 212521 358801 10201 169 361201 39601 58081 6241 954529 54289 935089 776161 602819 637918 350211 291136 245137 963746 566752 608314 645815 877024 911548 36253 694767 258538 429351 984712 998318 649646 995862 576338 634307 484057 636335 529617 719519 295185 452306 317650 379477 210552
1000
573049 1849 466489 9 167281 982081 908209 579121 537289 779689 323761 26569 192721 786769 22201 516961 32761 413449 229441 552049 289 844561 218089 1369 143641 49729 3721 214369 410881 361201 734449 674041 100489 80089 3481 436921 39601 57121 398161 564001 434281 452929 597529 885481 546121 11449 776161 361 175561 18769 273529 54289 619369 687241 25 72361 657721 829921 128881 351649 16129 196249 528529 12769 94249 935089 151321 259081 383161 6241 366681 951837 25887 790597 999059 278029 563877 43715 266193 409658 507972 360649 746097 84466 5821 193390 379858 393837 105630 313230 293955 981309 67114 284750 953355 291776 888490 938582 733484 740198
1000
654481 786769 146689 4489 966289 49729 841 619369 597529 100489 516961 677329 299209 36481 175561 29929 253009 237169 160801 72361 942841 292681 124609 167281 212521 196249 982081 169 310249 80089 351649 73441 27889 17161 113569 687241 844561 151321 157609 32041 229441 96721 323761 9409 39601 58081 466489 413449 289 877969 6889 11881 19321 332929 49 5041 776161 3481 528529 375769 380689 452929 54289 121 139129 249001 51529 134689 185761 368449 393607 578032 29605 958382 409893 731901 75944 261307 950042 391345 476146 530985 693417 501620 630507 367877 476856 437275 726936 779837 891590 39287 367300 918303 741188 140411 754453 640755 824866 742407
1000
769129 841 1849 380689 201601 10201 38809 12769 49 786769 677329 1681 26569 25 85849 97969 16129 383161 2809 146689 128881 1369 597529 76729 466489 5041 687241 22801 935089 537289 982081 36481 452929 121801 885481 229441 39601 552049 37249 29929 7921 113569 218089 844561 2209 292681 100489 121 744769 94249 961 635209 877969 477481 361 11449 237169 185761 822649 502681 66049 134689 727609 942841 157609 310249 52441 273529 72361 212521 149220 413122 911199 998162 542800 368304 322666 786745 618450 463333 648658 969237 154213 956535 344998 517161 49293 383450 538253 510282 716897 892758 591870 879305 134638 628647 885721 534165 289799 311495
1000
113569 786769 677329 9 63001 769129 38809 49729 17161 426409 779689 552049 734449 27889 546121 2209 10201 100489 1369 196249 375769 73441 398161 19321 844561 289 49 80089 24649 97969 12769 58081 383161 3481 229441 157609 351649 502681 4 418609 323761 259081 4489 877969 160801 361201 529 167281 37249 896809 316969 241081 458329 11881 7921 1849 657721 271441 26569 966289 78961 326041 249001 66049 69169 51529 516961 466489 687241 597529 242644 65131 413238 585896 569937 997603 141812 715991 289055 319745 374518 317515 247320 728340 334789 432236 944790 899305 176743 772494 223566 815390 508647 732814 29326 763024 557406 71077 750847 327108
1000
635209 877969 436921 73441 687241 273529 49729 398161 344569 734449 229441 657721 368449 17161 942841 6241 32761 151321 361 143641 237169 2209 5041 10201 22801 44521 27889 4489 786769 76729 383161 994009 25 121 426409 491401 134689 7921 982081 218089 208849 358801 579121 175561 12769 1681 51529 26569 100489 167281 502681 361201 2809 52441 822649 185761 80089 299209 516961 109561 22201 139129 744769 259081 66049 39601 4 323761 121801 466489 613854 668000 558481 147300 288895 505545 84608 817760 468360 23026 113073 724394 795195 835362 219221 295067 719980 446324 517325 656124 72267 625069 343414 797560 310458 436212 577027 892822 962822 27642
1000
201601 908209 63001 361201 326041 573049 552049 734449 175561 49 143641 36481 657721 76729 12769 896809 241081 292681 85849 11881 786769 6241 2809 1681 10609 22201 38809 368449 564001 877969 375769 380689 351649 134689 10201 361 52441 66049 16129 18769 332929 58081 196249 69169 844561 452929 654481 413449 26569 121 11449 677329 316969 2209 829921 32041 78961 24649 5329 546121 72361 109561 253009 434281 139129 528529 9 169 597529 259081 178586 569966 233368 477303 475930 589390 799149 25920 276784 322604 618014 542276 604531 509377 594559 926425 935513 917530 319642 851825 417653 930667 458519 39884 309345 623798 550372 312431 521675 83991
1000
418609 11449 273529 326041 73441 591361 17161 619369 896809 29929 1681 76729 5041 146689 139129 564001 466489 11881 769129 323761 157609 66049 113569 32041 78961 120409 237169 49 727609 100489 310249 36481 22801 25 97969 375769 212521 109561 1369 128881 18769 63001 10201 94249 289 96721 12769 358801 994009 966289 734449 380689 573049 16129 175561 80089 703921 954529 351649 885481 121801 529 27889 908209 292681 383161 201601 829921 361201 192721 711589 849807 714040 983655 347000 114981 962989 784787 546677 153118 827802 402619 728531 181722 398798 807466 53114 356807 480819 804746 983841 877557 279636 493715 613785 396564 737013 242520 838052 655849
1000
529 591361 63001 361 436921 1681 516961 477481 26569 273529 157609 9409 6241 7921 502681 5329 458329 36481 121 326041 654481 619369 961 271441 657721 10609 316969 113569 528529 38809 410881 229441 22801 44521 124609 96721 175561 1849 779689 187489 218089 466489 4489 139129 22201 66049 37249 935089 185761 2809 292681 375769 289 413449 51529 491401 3481 208849 11881 1369 877969 687241 3721 32041 85849 863041 829921 12769 426409 6889 146592 742862 236131 445719 808315 333491 974204 821834 715313 483625 816434 610080 48237 451912 520249 64260 7115 64520 3033 532829 613595 611923 517825 129888 157397 468738 115409 717676 486756 789161
1000
175561 9 383161 822649 744769 961 187489 4 564001 703921 351649 466489 418609 120409 502681 841 1369 157609 436921 966289 29929 375769 58081 72361 52441 413449 273529 208849 477481 380689 76729 39601 177241 361 452929 863041 635209 5329 160801 6889 2809 167281 57121 579121 169 2209 54289 151321 143641 214369 326041 121801 458329 22801 237169 982081 185761 192721 66049 80089 100489 426409 344569 734449 546121 78961 109561 776161 619369 69169 62810 800812 545145 841405 342660 4531 923583 451926 371909 958112 968817 100598 425257 538474 733360 469935 607908 747666 296904 994822 843002 744394 228384 975333 132607 272352 58172 942188 394818 72346
1000
12769 249001 57121 120409 994009 398161 100489 10609 22801 167281 687241 9 954529 7921 253009 358801 5041 185761 63001 32761 241081 9409 683929 3721 546121 458329 177241 29929 32041 22201 52441 619369 2809 375769 1849 466489 192721 139129 908209 841 674041 383161 169 69169 96721 477481 218089 573049 44521 896809 85849 208849 323761 25 426409 310249 863041 37249 737881 36481 885481 326041 237169 776161 564001 289 39601 271441 579121 16129 278157 925101 821102 483037 213215 738879 545348 847296 416568 686912 996109 960570 834057 286836 417040 59024 643468 928834 988382 281998 100091 18424 848791 950242 27037 818917 164771 62276 176196 413729
1000
332929 58081 9 19321 703921 139129 78961 954529 687241 94249 961 32761 942841 271441 674041 361 259081 249001 175561 491401 76729 458329 121 737881 829921 361201 22801 96721 2209 779689 418609 654481 546121 3721 38809 844561 16129 229441 573049 25 128881 54289 677329 208849 744769 380689 516961 167281 5329 273529 10609 100489 344569 27889 253009 97969 579121 51529 52441 528529 863041 113569 896809 1681 908209 196249 597529 66049 310249 822649 48820 921046 14269 803403 224714 600305 943899 239918 869121 966423 217000 464808 491666 612136 587674 964132 758543 209696 64918 442243 483021 558322 155134 569200 638435 946430 864941 720004 722359 750173
1000
94249 214369 57121 124609 896809 844561 160801 528529 27889 6241 49729 49 885481 6889 11449 212521 271441 344569 4 383161 139129 58081 120409 597529 37249 1681 196249 100489 4489 683929 113569 208849 966289 39601 316969 32761 273529 259081 17161 29929 32041 942841 18769 5329 22801 237169 177241 229441 410881 24649 477481 169 134689 12769 703921 52441 9 25 16129 537289 80089 51529 63001 249001 380689 413449 769129 175561 66049 332929 28655 735062 79435 890986 238755 284140 980543 565991 97179 966605 373360 98446 51338 361032 509284 748159 727047 964841 280191 94187 21852 337935 334726 397076 727026 946325 485886 561720 842740 409818
1000
97969 192721 1849 477481 841 134689 380689 458329 491401 635209 326041 52441 683929 24649 844561 249001 229441 187489 351649 253009 537289 516961 398161 434281 591361 175561 966289 25 564001 1681 776161 779689 3721 383161 5329 908209 1369 982081 863041 73441 157609 4 410881 687241 208849 361 16129 96721 426409 619369 196249 418609 703921 58081 452929 954529 160801 139129 375769 10609 299209 546121 32761 896809 12769 201601 39601 292681 29929 185761 131136 420649 763231 834099 751726 74040 318949 362858 652834 818148 607171 44413 730575 727685 363042 812304 850006 456516 647649 271067 558016 160860 803282 25545 910569 931824 62698 178726 462952 668927
1000
241081 552049 942841 63001 361 128881 177241 10201 516961 120409 375769 310249 25 466489 1369 426409 196249 434281 96721 72361 44521 66049 299209 7921 32761 2209 361201 273529 38809 214369 863041 11449 12769 4 32041 157609 982081 2809 844561 49729 954529 452929 332929 4489 5041 619369 208849 351649 237169 143641 29929 212521 58081 885481 674041 76729 3721 292681 591361 896809 124609 113569 597529 491401 175561 1681 9 744769 27889 410881 814453 695985 103185 726585 996684 141774 282662 281746 848724 760036 3958 717718 476919 237033 791043 828969 693538 273331 866288 842732 997182 834123 570101 351281 249551 249814 155481 610663 80243 645703
1000
66049 954529 12769 177241 185761 546121 375769 192721 151321 829921 121801 361201 769129 994009 169 63001 5041 292681 734449 49729 426409 24649 410881 25 38809 26569 52441 237169 167281 1369 6889 49 452929 786769 128881 896809 139129 201601 908209 841 85849 779689 516961 434281 73441 54289 37249 436921 208849 687241 4 683929 16129 1849 124609 109561 885481 299209 552049 36481 157609 134689 727609 398161 58081 29929 877969 100489 619369 10201 138114 758738 164484 737701 148991 498369 957013 365685 737002 169298 552926 758724 189378 160552 281838 469502 785481 731467 461351 120135 47243 673724 561141 293389 18896 998527 550982 927096 630948 59829
1000
237169 310249 982081 368449 942841 120409 3481 22201 844561 491401 259081 326041 128881 863041 908209 72361 299209 452929 121 218089 11449 776161 966289 241081 436921 779689 271441 4 12769 66049 27889 458329 19321 877969 344569 477481 1369 175561 619369 727609 39601 552049 426409 57121 597529 935089 10609 829921 9 94249 1849 434281 786769 38809 529 214369 358801 516961 674041 229441 100489 121801 78961 6241 323761 528529 564001 885481 58081 208849 742310 434429 447414 914852 620661 926815 444104 729267 99075 795383 176991 800372 762778 702144 998795 193870 221537 230331 474336 744948 515680 253215 918450 775118 380977 254153 87012 372006 314921 398722
1000
185761 779689 175561 657721 19321 36481 289 619369 458329 10201 961 4 151321 24649 241081 436921 16129 29929 160801 418609 32761 994009 212521 351649 829921 982081 32041 841 78961 177241 97969 249001 146689 12769 316969 69169 966289 310249 361201 344569 7921 491401 259081 26569 452929 368449 214369 2809 37249 66049 885481 63001 218089 157609 192721 375769 734449 187489 9409 5329 100489 52441 9 844561 413449 73441 292681 546121 54289 121 295973 513719 149480 865377 61932 743804 477806 554562 593519 949050 646101 58144 215124 11876 707610 844515 85961 412785 440168 720478 284465 539890 762936 152324 575037 10309 906639 834085 356165 800851
1000
44521 436921 22801 9409 271441 25 844561 128881 196249 2809 76729 192721 954529 316969 418609 289 66049 1681 85849 160801 3481 124609 121801 49 175561 683929 579121 458329 10201 982081 994009 351649 237169 134689 961 80089 121 214369 2209 687241 426409 564001 187489 398161 326041 201601 39601 677329 169 32041 16129 413449 10609 361201 863041 19321 619369 383161 32761 157609 253009 654481 908209 310249 380689 27889 52441 17161 1369 73441 670324 192490 13427 770298 843215 378361 292317 956977 87524 114099 709427 156992 436800 816462 899744 954903 591340 574989 983487 139168 588434 883676 822455 742545 627045 956841 761206 143333 958190 997491
1000
78961 1849 63001 516961 908209 57121 2209 398161 97969 2809 134689 29929 413449 528529 94249 383161 3481 32041 5041 776161 942841 51529 18769 58081 418609 38809 208849 657721 4489 100489 703921 121 175561 73441 961 37249 529 844561 477481 877969 54289 966289 10609 22201 491401 187489 218089 214369 292681 36481 502681 259081 121801 253009 25 69169 727609 229441 841 1681 273529 380689 326041 332929 687241 11881 11449 546121 72361 779689 60155 330403 891039 355567 208682 683389 539737 337098 928269 587743 851813 915278 543183 433962 740230 528665 509187 119049 888713 504766 920381 624396 842614 480048 454192 240196 739574 274988 529740 665452
1000
452929 310249 3721 237169 727609 120409 97969 966289 271441 11881 18769 1681 954529 273529 58081 299209 674041 744769 579121 769129 128881 677329 982081 19321 896809 477481 573049 597529 908209 249001 151321 54289 22201 994009 22801 822649 100489 358801 502681 38809 113569 160801 10609 139129 316969 734449 413449 935089 619369 52441 1849 3481 687241 491401 737881 157609 17161 196249 12769 961 516961 201601 37249 109561 80089 776161 96721 844561 25 9409 145001 888571 342244 578850 997890 992848 890369 267798 935514 184327 631112 332276 704460 677716 852964 801668 298996 669160 129808 453978 331574 575074 250686 654639 791086 272760 932323 271489 570300 139825
1000
63001 229441 151321 36481 299209 885481 564001 54289 37249 326041 316969 66049 683929 80089 896809 657721 744769 26569 552049 573049 982081 69169 76729 375769 434281 85849 237169 3481 579121 537289 635209 271441 954529 253009 727609 157609 436921 2809 9 323761 737881 358801 218089 38809 9409 703921 134689 5041 654481 96721 5329 18769 187489 273529 863041 146689 160801 32041 491401 72361 44521 398161 829921 619369 78961 196249 591361 10201 687241 368449 346571 821148 919314 714848 254479 94863 187292 524097 367583 804708 717246 819375 949676 838218 506578 598714 593097 205327 45719 971076 512774 217723 105825 148272 688662 328149 834118 934903 190465 178462
1000
591361 151321 58081 196249 703921 241081 477481 37249 19321 146689 167281 175561 22201 139129 177241 121801 552049 323761 841 109561 49 201601 1369 85849 1681 310249 994009 885481 344569 273529 564001 6889 537289 597529 187489 27889 39601 674041 546121 17161 727609 9409 734449 657721 36481 398161 185761 12769 72361 5329 237169 863041 383161 253009 143641 516961 654481 121 966289 22801 332929 452929 466489 375769 51529 896809 380689 249001 192721 822649 977856 695390 312732 769062 191812 761011 765068 380499 196207 221299 452936 737720 189500 427427 374537 268197 613154 886997 142999 935239 490238 866370 315487 230366 610626 960281 166019 278954 843270 467676
1000
299209 332929 769129 398161 10201 674041 253009 344569 134689 143641 128881 994009 9409 85849 29929 597529 175561 96721 654481 196249 11881 844561 458329 776161 573049 49729 477481 16129 316969 25 192721 413449 375769 954529 703921 829921 564001 63001 9 109561 841 212521 38809 37249 358801 877969 2209 208849 687241 4489 361201 249001 502681 436921 677329 418609 160801 491401 2809 326041 908209 39601 18769 229441 259081 36481 619369 54289 271441 552049 505378 836311 70381 690961 590715 778713 885816 653163 837172 689183 993565 213310 15159 715334 855617 563927 328248 813999 956529 707167 52609 146314 735787 789548 753123 475873 516658 638847 520445 125229
1000
380689 6241 218089 323761 316969 10201 863041 769129 49 18769 844561 5329 113569 249001 143641 100489 579121 942841 591361 537289 29929 375769 674041 169 7921 477481 935089 734449 160801 9409 829921 177241 310249 259081 57121 966289 361201 344569 38809 326041 822649 12769 552049 97969 37249 241081 452929 657721 727609 271441 426409 17161 332929 6889 22201 358801 187489 361 619369 124609 299209 32761 51529 683929 466489 39601 529 128881 85849 877969 234866 761273 87279 315609 395018 815623 500914 320220 398031 449877 816855 450610 350785 5831 416181 724197 796343 122592 881924 77681 816845 757343 950215 563054 828531 590691 513986 97594 143343 543789
1000
12769 579121 94249 529 326041 687241 37249 192721 344569 72361 3481 5329 32041 177241 380689 436921 737881 1369 2809 32761 29929 128881 885481 167281 332929 361 24649 151321 51529 1681 38809 502681 139129 368449 109561 516961 80089 208849 175561 383161 935089 994009 66049 134689 100489 1849 229441 249001 674041 591361 49729 73441 160801 11449 9409 218089 769129 361201 259081 844561 310249 351649 426409 491401 466489 564001 241081 434281 316969 982081 962581 49659 223663 74117 378694 15474 826866 708915 140230 270578 171610 549441 160411 735878 145165 183373 738735 597385 100270 275324 904176 778077 337585 691818 207018 273933 344496 478633 643584 786711
1000
121 175561 683929 841 844561 10201 208849 6241 619369 2209 214369 687241 11449 3481 177241 466489 966289 734449 134689 78961 63001 383161 241081 1681 398161 192721 591361 146689 529 9409 29929 32761 537289 351649 157609 908209 982081 597529 121801 69169 96721 66049 187489 259081 573049 218089 39601 375769 273529 635209 58081 139129 271441 502681 358801 10609 368449 413449 935089 4489 26569 5329 57121 17161 128881 19321 100489 97969 160801 94249 977747 381205 931876 152478 471522 700436 122999 105860 624533 356175 161537 241303 242083 137637 605603 423444 863299 609246 452787 993307 251822 791151 364857 914613 884434 560702 747630 633787 196019 855446
1000
273529 208849 121801 49729 51529 573049 124609 18769 134689 597529 418609 619369 398161 24649 11449 2809 786769 44521 29929 177241 10609 151321 38809 375769 844561 169 358801 143641 54289 529 78961 196249 383161 5041 146689 10201 6889 94249 3721 885481 241081 76729 80089 253009 113569 332929 57121 9 994009 744769 4489 218089 316969 683929 703921 477481 292681 413449 769129 271441 63001 249001 361201 58081 458329 654481 537289 214369 877969 779689 649705 722250 582243 741006 587289 176047 228823 749806 480112 242680 549314 237477 601825 82891 861978 881327 137476 247399 866153 283247 423772 531367 319594 225793 45522 268921 815961 578089 924426 222758
