100
100
49 619369 841 292681 591361 273529 9 96721 85849 120409 5329 1681 73441 375769 52441 22801 113569 259081 703921 237169 885481 380689 241081 187489 383161 410881 58081 124609 212521 249001 786769 368449 844561 271441 32761 10609 677329 528529 529 537289 157609 80089 326041 29929 966289 192721 310249 5041 413449 51529 66049 36481 143641 657721 121 11449 687241 316969 78961 635209 16129 458329 27889 72361 477481 737881 11881 351649 299209 358801 784509 55967 311814 72275 470739 834766 38693 968195 519267 589907 570285 387716 610574 199786 985709 329549 530587 541965 936954 340126 735613 673174 974667 452970 414627 192149 773589 100110 557070 247583
100
316969 299209 58081 192721 52441 218089 674041 146689 121 1369 966289 5329 361201 167281 6241 619369 677329 776161 703921 579121 410881 516961 491401 11881 9409 32041 39601 44521 528529 17161 185761 289 29929 80089 229441 66049 196249 139129 380689 271441 896809 160801 779689 841 452929 113569 10609 9 635209 844561 2809 24649 109561 72361 51529 97969 368449 49 3721 69169 744769 201601 769129 829921 529 6889 1681 323761 241081 259081 512071 538445 390628 39699 670040 500508 978929 176891 135745 557379 566466 664277 251449 358679 293284 15876 795432 260081 526862 119080 800327 422537 942552 685667 75834 1616 962960 953810 343827 149703
100
591361 727609 491401 844561 187489 841 57121 552049 769129 683929 5329 7921 25 10201 9409 4489 351649 529 80089 22801 157609 167281 32041 29929 44521 1849 380689 241081 383161 885481 76729 38809 175561 299209 316969 253009 744769 201601 18769 398161 121 16129 877969 786769 942841 1681 218089 85849 237169 169 477481 160801 139129 177241 143641 546121 375769 368449 208849 249001 657721 358801 502681 196249 687241 229441 3481 212521 49 36481 191210 955423 636816 393843 260988 643107 85833 427635 237252 846693 674792 542832 35122 797035 664194 493741 64921 197069 594488 696943 23067 32566 401897 499908 298793 535779 202933 129133 495612 462052
100
139129 434281 744769 654481 49 3481 73441 954529 841 896809 212521 361 214369 151321 38809 683929 703921 11449 597529 529 5329 727609 32041 80089 229441 54289 908209 12769 6241 436921 398161 160801 273529 528529 143641 1369 76729 120409 249001 564001 491401 85849 573049 253009 466489 11881 734449 426409 942841 3721 29929 994009 100489 175561 9409 982081 157609 36481 32761 822649 310249 63001 58081 786769 51529 935089 9 351649 413449 1849 934807 672576 856846 928594 896627 524865 372860 84982 434262 716408 973819 156465 978900 362992 38695 784487 575811 210379 759138 357387 758368 760782 58550 358841 332565 91443 574725 467209 379980 756909
100
4 289 573049 72361 212521 146689 537289 6241 398161 529 434281 51529 249001 908209 32041 413449 744769 552049 78961 418609 491401 2209 591361 528529 17161 344569 32761 310249 3721 69169 160801 5041 38809 9 677329 27889 85849 73441 54289 361 452929 134689 7921 776161 1369 76729 786769 124609 96721 779689 273529 241081 844561 12769 3481 361201 436921 25 358801 253009 121801 113569 151321 9409 579121 29929 214369 196249 100489 185761 930481 65391 888163 352319 957274 411779 456696 87388 594874 426618 422984 9451 889770 70334 263112 195231 640017 252924 280700 977269 520037 273378 13500 873883 418305 964264 769523 337324 977273 606651
100
124609 4489 841 466489 1369 146689 844561 344569 273529 654481 677329 289 11881 100489 54289 573049 26569 139129 727609 66049 97969 109561 78961 982081 383161 361 157609 310249 18769 375769 502681 316969 128881 121 564001 113569 769129 546121 76729 25 477481 12769 3481 332929 683929 434281 10609 418609 966289 69169 398161 368449 292681 11449 249001 134689 410881 49 635209 863041 529 187489 201601 120409 218089 58081 896809 3721 597529 271441 73937 302703 230670 70499 190970 95106 703244 767161 434892 237066 524461 404575 369501 833303 887610 166592 365851 942210 578481 998070 36432 705556 153831 98708 246068 227350 13595 518320 913754 410310
100
426409 863041 29929 477481 3481 779689 3721 73441 32761 351649 124609 573049 151321 398161 579121 121 935089 552049 2209 208849 786769 9 113569 22801 528529 5329 744769 358801 187489 212521 1681 52441 5041 121801 966289 942841 502681 2809 259081 36481 100489 16129 413449 39601 58081 157609 727609 169 146689 674041 27889 7921 69169 49 201601 654481 410881 271441 76729 564001 109561 85849 466489 78961 361201 249001 703921 734449 25 167281 372004 648474 741522 934638 772985 705156 447314 922919 951826 932008 496129 178652 485264 962173 879068 537293 44519 793231 314403 731935 668779 249118 299011 998937 969528 91051 151469 431936 924520 273343
100
4489 26569 466489 44521 361 10609 458329 529 58081 734449 273529 175561 32041 657721 134689 29929 66049 39601 78961 10201 413449 5329 237169 961 292681 954529 3721 18769 177241 310249 591361 863041 12769 6241 32761 96721 187489 157609 368449 208849 654481 436921 185761 361201 253009 677329 271441 241081 218089 564001 11881 259081 326041 9 196249 69169 51529 769129 418609 63001 299209 6889 537289 966289 477481 410881 57121 674041 120409 841 826626 220405 460182 49881 920845 119154 365685 973220 493175 520115 689906 59253 25864 749211 92866 156605 69566 331408 834123 584349 996957 787198 760978 768011 308559 269788 48217 900302 52584 645641
100
72361 32041 38809 779689 169 39601 292681 109561 908209 96721 9409 63001 426409 218089 3481 380689 271441 351649 516961 121 502681 436921 100489 383161 2209 961 877969 185761 128881 5041 10201 1369 310249 677329 17161 654481 134689 24649 66049 97969 358801 146689 299209 44521 982081 241081 94249 2809 683929 323761 591361 26569 214369 139129 434281 466489 57121 579121 85849 776161 51529 157609 167281 249001 187489 29929 935089 734449 259081 413449 158521 779204 475590 997680 387620 908212 554526 311602 811978 48471 311354 167052 964962 947172 688481 175520 719503 818388 34764 658621 877167 393078 880290 799743 761196 917340 918858 938297 16741 881724
100
458329 51529 167281 502681 100489 426409 160801 44521 657721 961 829921 5329 38809 966289 383161 63001 10201 737881 516961 344569 11881 351649 18769 418609 97969 73441 273529 841 687241 94249 259081 169 16129 134689 822649 192721 546121 39601 208849 954529 17161 121 786769 9409 22201 896809 58081 143641 80089 358801 6889 410881 380689 528529 316969 6241 434281 368449 66049 677329 24649 253009 185761 113569 157609 10609 299209 25 271441 398161 998656 305591 621175 475046 378792 984673 450879 832561 668003 87678 234114 12304 266186 968627 685934 938831 707894 187544 157435 311691 765749 495611 660235 670250 13698 951326 9465 524411 446849 876052
100
134689 961 323761 863041 4489 29929 17161 143641 529 677329 452929 316969 573049 18769 779689 218089 185761 436921 10201 2809 368449 380689 1369 737881 212521 5329 121801 683929 113569 121 49729 591361 434281 877969 249001 97969 177241 829921 6889 22201 80089 326041 786769 36481 146689 516961 259081 375769 151321 491401 982081 299209 896809 466489 1681 657721 410881 187489 3721 26569 426409 935089 169 167281 885481 3481 120409 537289 413449 38809 559797 853500 142951 889453 832551 511927 2776 969356 728917 732092 636222 147247 926544 551193 27660 414284 403593 521494 860510 113773 298346 663748 395237 230383 657599 918531 867304 795444 463583 717846
100
11449 966289 139129 426409 674041 29929 361201 776161 121801 52441 458329 72361 361 96721 982081 687241 703921 63001 896809 3481 1849 97969 196249 49 657721 19321 218089 18769 9409 358801 326041 292681 17161 744769 10201 80089 100489 310249 491401 734449 654481 677329 2209 16129 26569 249001 58081 418609 121 537289 683929 368449 109561 128881 2809 727609 241081 434281 271441 124609 10609 57121 994009 134689 73441 36481 597529 4489 844561 253009 60038 995374 684299 960887 535798 380104 265625 847733 251896 732757 524812 815087 2245 351046 229467 90511 263482 187058 879933 923062 844012 30791 337584 386199 202380 701554 295323 144337 648762 819127
100
10609 564001 426409 214369 9409 744769 17161 734449 434281 383161 844561 76729 597529 26569 259081 863041 121801 877969 100489 776161 358801 5329 52441 380689 151321 69169 687241 80089 683929 4 22801 38809 413449 25 5041 635209 32041 4489 36481 72361 157609 677329 78961 537289 146689 477481 57121 177241 528529 97969 326041 1369 674041 591361 185761 822649 143641 49 54289 175561 120409 908209 410881 573049 966289 885481 786769 1849 128881 9 741866 818598 455256 980520 519546 895626 739953 593348 555569 130345 725362 661334 569062 98572 177201 894073 3979 598903 623193 709381 702340 843959 872021 415124 72207 91039 588687 813040 517478 598880
100
187489 52441 72361 516961 776161 6241 6889 134689 4489 635209 2809 24649 237169 49729 597529 683929 358801 27889 51529 380689 863041 212521 66049 19321 779689 703921 124609 167281 844561 737881 383161 175561 9409 273529 5329 3721 85849 292681 76729 151321 196249 57121 326041 896809 829921 113569 822649 146689 361 69169 201601 9 22801 80089 344569 120409 17161 529 143641 537289 436921 786769 12769 398161 157609 942841 885481 229441 169 109561 330228 918574 609705 354903 323608 963972 467700 484469 764683 166443 300849 630089 781863 760409 429605 932329 622402 684908 628796 608726 669978 54454 607696 537396 663906 164626 53412 36310 440745 825403
100
436921 351649 935089 271441 529 573049 579121 259081 413449 16129 491401 841 844561 703921 139129 273529 9409 121 78961 6241 51529 157609 208849 552049 466489 316969 2209 175561 143641 1681 982081 426409 169 597529 36481 237169 619369 72361 121801 241081 66049 2809 113569 146689 80089 10201 22801 229441 434281 361201 26569 942841 167281 734449 591361 134689 677329 786769 502681 94249 49 27889 32761 22201 39601 4 10609 769129 477481 410881 655384 423050 652498 619239 992679 686043 448818 746379 2090 146464 72232 284727 682242 933744 84678 410142 117616 75177 315022 160658 10019 575125 763661 187771 862499 640688 982343 956777 805020 920031
100
491401 73441 26569 829921 121 418609 552049 786769 196249 49729 954529 683929 29929 654481 5041 597529 375769 9409 22201 2209 237169 477481 310249 332929 6241 326041 241081 128881 844561 201601 619369 744769 434281 299209 157609 537289 516961 10201 85849 529 96721 16129 139129 776161 779689 214369 151321 22801 49 7921 177241 674041 38809 185761 361 564001 982081 398161 323761 908209 4 316969 410881 76729 109561 44521 120409 591361 36481 175561 264851 682456 944238 567538 496091 735781 39394 285069 97638 910645 202629 531245 291531 257910 400015 318804 775445 390015 970021 513000 754769 151353 778986 123855 76239 222469 307891 502334 479393 366859
100
966289 1849 19321 734449 51529 477481 49729 2809 466489 49 426409 6241 361 502681 10609 4 844561 332929 57121 579121 271441 52441 619369 214369 32041 18769 97969 36481 201601 358801 24649 316969 241081 22201 66049 187489 635209 169 375769 289 942841 85849 121 16129 146689 786769 78961 292681 9409 683929 29929 54289 121801 779689 537289 17161 72361 434281 413449 100489 134689 573049 727609 249001 208849 37249 1369 398161 516961 237169 129911 184949 418019 59390 348006 689876 863559 21333 896281 119094 431614 822129 800789 146246 5782 634963 466495 796120 434328 438537 822712 753790 204557 18490 223266 215352 239789 573122 195829 923286
100
292681 27889 259081 36481 160801 737881 727609 452929 26569 66049 361 12769 134689 841 528529 744769 537289 11449 2209 63001 310249 253009 78961 196249 241081 96721 9409 169 271441 229441 323761 657721 1369 94249 113569 16129 5041 591361 6241 413449 844561 2809 9 212521 85849 434281 410881 22801 39601 896809 49729 143641 380689 19321 157609 935089 49 375769 22201 100489 29929 383161 25 185761 529 208849 687241 299209 418609 273529 794709 143526 835228 405301 474835 693411 558021 658591 472542 200172 253195 922292 206255 220873 937121 733576 300565 258528 198498 136458 493931 234082 300181 86753 334084 636723 879488 969248 853242 381718
100
844561 85849 5041 3721 124609 434281 537289 908209 966289 120409 332929 44521 19321 299209 187489 316969 39601 351649 201601 579121 982081 564001 380689 942841 687241 413449 6889 769129 51529 49 477481 657721 66049 25 151321 32761 292681 109561 32041 17161 994009 452929 271441 466489 253009 175561 961 94249 436921 361201 134689 737881 22801 1369 80089 143641 146689 157609 516961 841 375769 546121 528529 885481 121801 26569 27889 383161 11881 97969 593591 689205 231633 230009 696734 78591 692025 183672 872807 596328 5028 578373 426116 529241 494722 415733 28334 620532 778078 368760 838925 456169 171969 635873 737601 1378 961547 768610 199456 147085
100
413449 361201 5329 109561 410881 326041 436921 177241 426409 273529 73441 289 310249 39601 212521 51529 249001 196249 502681 564001 332929 2809 253009 458329 25 80089 12769 344569 418609 1681 22801 57121 3481 3721 1849 358801 121 27889 1369 97969 271441 822649 38809 841 380689 877969 9409 528529 157609 466489 69169 994009 72361 208849 687241 11881 49729 6241 259081 10201 26569 10609 22201 7921 128881 908209 185761 134689 744769 529 897521 547799 740976 34165 206744 481473 897828 492659 818238 235094 878050 819265 51208 716617 598471 320782 673607 304593 717984 275690 742669 395787 218200 983496 159749 402900 6970 849826 440781 77856
100
73441 78961 259081 573049 491401 368449 564001 896809 734449 908209 167281 22801 25 1369 677329 151321 326041 143641 434281 502681 253009 5041 786769 237169 546121 452929 96721 121 380689 458329 5329 52441 39601 196249 201601 579121 292681 737881 49729 537289 528529 273529 410881 44521 134689 310249 591361 3481 3721 11449 358801 177241 316969 49 418609 271441 961 32761 654481 466489 942841 966289 6889 844561 214369 361201 128881 94249 146689 289 986062 533725 185393 254028 353926 592519 833491 620131 853912 501087 994470 749678 376481 100469 441899 654704 361387 31713 462629 946896 440285 904840 462774 707657 672828 847873 272249 530516 73716 659476
100
49729 822649 3481 426409 994009 619369 368449 683929 687241 769129 6241 528529 12769 85849 552049 22801 120409 139129 4 1369 63001 214369 24649 201601 19321 175561 7921 52441 966289 160801 109561 9409 4489 169 9 51529 212521 908209 66049 58081 452929 776161 289 413449 241081 310249 157609 537289 344569 78961 877969 573049 458329 529 942841 3721 361 26569 375769 579121 961 10609 32761 10201 11449 657721 703921 72361 36481 80089 751639 110713 382533 148844 15990 371315 592941 35924 311502 925852 200437 291888 377739 252403 64524 972581 17581 936219 34308 151160 765092 791609 552218 289751 270739 90559 92225 431309 885985 974029
100
51529 134689 76729 289 398161 253009 146689 769129 78961 3481 4489 674041 361 160801 491401 344569 1849 779689 579121 2809 157609 687241 351649 1681 139129 942841 271441 109561 458329 10201 3721 120409 982081 908209 5041 44521 167281 954529 18769 654481 776161 935089 323761 368449 187489 703921 72361 237169 69169 426409 169 434281 37249 96721 113569 326041 4 564001 727609 410881 573049 683929 841 151321 292681 100489 7921 97969 27889 380689 302173 573975 835075 739251 573338 442245 89762 187619 727721 130478 353887 324976 33821 67999 432597 891271 633525 989188 421201 480592 501510 403744 105758 363954 312353 795613 907385 161056 794112 926202
100
477481 32041 208849 9 954529 2809 935089 896809 160801 218089 29929 175561 249001 358801 18769 37249 344569 436921 39601 994009 635209 169 1369 961 24649 375769 528529 351649 418609 38809 11881 143641 9409 657721 259081 73441 109561 619369 516961 564001 734449 368449 654481 113569 229441 66049 326041 54289 292681 529 185761 19321 157609 579121 727609 212521 316969 6889 776161 177241 237169 151321 10609 76729 201601 310249 674041 271441 434281 97969 832955 19355 702178 139337 601905 444345 551014 537210 443600 442443 345277 544050 793263 612270 349753 532764 942654 648682 649901 581438 483863 351965 739973 529738 630333 465229 561143 296328 616516 193133
100
229441 76729 961 73441 143641 426409 458329 196249 208849 491401 49729 249001 121 25 241081 908209 434281 326041 151321 358801 11881 2209 2809 292681 657721 22201 201601 1849 4 935089 9 24649 418609 769129 477481 351649 175561 19321 214369 863041 537289 966289 564001 597529 146689 323761 452929 177241 5041 776161 124609 885481 316969 822649 573049 375769 310249 69169 212521 361 6889 7921 734449 502681 994009 380689 4489 635209 3721 552049 31225 67653 614319 773403 818100 665141 7903 492997 276999 801032 259974 478794 421953 995951 228115 86658 499215 127415 264934 252770 144615 29854 696643 4064 33930 42619 329897 939203 835852 557730
100
22201 24649 73441 11449 635209 822649 5329 2209 289 452929 351649 744769 44521 3481 69169 398161 124609 591361 146689 39601 72361 344569 426409 229441 942841 17161 237169 9409 687241 477481 185761 51529 177241 361201 657721 128881 113569 727609 29929 120409 829921 537289 619369 66049 18769 361 368449 52441 54289 26569 32761 63001 6889 36481 966289 674041 502681 38809 683929 96721 896809 529 273529 786769 121801 201601 249001 2809 877969 57121 138532 271364 586578 207987 914086 600678 569956 294607 49521 71145 6872 381849 225893 87575 633786 32772 40967 226706 183110 8957 285770 626479 967527 778069 441142 81554 791013 999708 77739 159482
100
17161 253009 4 528529 380689 97969 994009 49729 351649 552049 167281 212521 51529 124609 151321 187489 597529 591361 66049 877969 573049 96721 344569 208849 3481 885481 1849 85849 677329 237169 38809 29929 410881 310249 100489 18769 687241 39601 477481 192721 908209 6241 32041 19321 769129 37249 271441 323761 214369 22801 579121 146689 69169 564001 426409 4489 52441 5329 120409 635209 185761 786769 175561 9409 109561 954529 78961 73441 822649 113569 475785 559960 886917 684461 436972 892508 282298 568992 270346 58667 867036 58773 63695 978815 904472 663910 317993 168068 854460 46916 411908 958740 899056 503125 66093 748989 281760 698094 399789 653931
100
619369 5041 2809 10201 49 635209 674041 3721 63001 5329 529 121801 822649 436921 299209 4489 727609 375769 326041 12769 66049 27889 1849 579121 361201 18769 177241 344569 151321 201601 3481 218089 703921 687241 273529 128881 1681 6241 19321 157609 16129 966289 175561 657721 85849 6889 96721 241081 829921 383161 491401 7921 361 654481 516961 528529 160801 4 76729 885481 961 134689 1369 410881 167281 80089 97969 683929 737881 779689 679699 190694 691912 884905 481817 426018 895207 682105 265915 137406 262496 240805 367310 746049 978074 110829 580467 653104 590683 772670 385036 426690 972177 283183 179839 557663 144139 752374 968136 658276
100
177241 413449 3481 121 703921 51529 786769 229441 160801 9409 10609 201601 22201 361201 18769 502681 139129 253009 942841 6889 477481 26569 69169 966289 769129 273529 885481 877969 66049 426409 323761 49729 27889 73441 4489 76729 954529 994009 143641 358801 1369 249001 591361 289 452929 19321 654481 332929 29929 398161 841 779689 146689 4 10201 908209 2809 134689 175561 537289 687241 218089 11881 299209 80089 212521 7921 896809 32761 434281 698806 447130 271836 707460 4917 842810 150417 486973 315245 17168 238873 765165 957008 298691 552059 176357 620538 396484 884560 132190 853769 593436 349327 368956 211832 40247 799300 484689 881755 472838
100
591361 39601 619369 1849 477481 326041 24649 19321 1681 4 214369 253009 841 361201 22201 187489 120409 109561 196249 146689 10609 32041 458329 11449 368449 169 57121 26569 113569 29929 2209 683929 6241 994009 380689 10201 5329 201601 398161 185761 674041 413449 3721 323761 2809 564001 1369 7921 12769 657721 908209 76729 143641 3481 128881 58081 822649 877969 49729 9 529 157609 344569 177241 63001 744769 982081 292681 516961 491401 236926 727497 156058 334352 259073 918285 753966 547278 145998 455022 847423 273558 331935 455906 199360 330053 948640 588143 123329 69833 153442 327741 964175 366835 668385 393754 543118 191564 509220 772054
100
537289 292681 829921 289 151321 591361 97969 635209 4 201601 9 6889 94249 398161 24649 121 703921 237169 73441 368449 6241 66049 72361 841 822649 11881 38809 426409 935089 961 687241 908209 32761 769129 413449 734449 677329 51529 26569 674041 434281 177241 253009 52441 49 80089 1849 44521 332929 344569 96721 3721 779689 27889 477481 1369 175561 85849 375769 54289 187489 863041 452929 383161 966289 516961 502681 579121 124609 58081 191894 469358 454931 166914 405915 573459 590246 165783 465705 355481 122381 957054 908885 998127 72121 298031 2380 687408 754694 645853 960177 644440 331040 391408 790843 425376 918423 25819 8360 358431
100
829921 2809 885481 12769 734449 727609 677329 208849 273529 6889 966289 841 271441 139129 863041 654481 413449 39601 10609 434281 229441 113569 5329 167281 375769 18769 10201 128881 769129 657721 22801 9 1681 37249 466489 935089 259081 80089 737881 32761 6241 57121 683929 426409 237169 368449 591361 635209 44521 146689 529 4489 961 9409 703921 822649 436921 249001 674041 49729 994009 573049 361 982081 552049 36481 7921 289 564001 25 469661 837709 637022 597645 847945 875722 146222 889100 161714 153437 705604 33529 179157 267756 824820 708340 390118 745132 730195 760160 623045 618427 163925 798905 509939 981440 802841 180172 74527 286575
100
229441 299209 241081 17161 208849 597529 18769 72361 39601 994009 1681 4489 26569 398161 316969 58081 134689 273529 85849 769129 120409 80089 253009 169 2809 418609 96721 961 3721 187489 11449 426409 368449 10201 332929 36481 351649 69169 196249 413449 54289 579121 3481 94249 935089 896809 32041 683929 1849 237169 657721 677329 528529 9409 310249 66049 7921 358801 361201 157609 175561 128881 292681 22201 466489 5041 966289 654481 271441 776161 474126 987740 435768 422958 613567 584409 273141 122843 130620 263680 399352 713595 998654 753719 289620 10356 324265 57313 199809 973183 93504 819062 53648 97402 833766 648418 6237 171278 176663 760920
100
32041 529 398161 37249 289 27889 5041 776161 109561 344569 737881 5329 121 39601 316969 310249 292681 38809 491401 229441 687241 368449 44521 259081 196249 237169 26569 11881 54289 212521 192721 361 63001 657721 208849 241081 677329 69169 591361 120409 151321 97969 4489 169 734449 528529 73441 516961 124609 6889 9 10609 3721 19321 413449 6241 683929 16129 769129 2809 80089 299209 1849 502681 253009 744769 22201 146689 201601 896809 611494 868433 989071 900960 786583 546894 807815 301700 505781 453038 223810 156336 527821 734653 194731 755872 295403 782294 434193 538843 12596 137015 722158 978850 329072 583063 484999 507580 725876 917153
100
458329 22201 822649 332929 96721 316969 76729 4 674041 2209 323761 128881 769129 69169 72361 124609 229441 552049 253009 143641 546121 10201 214369 36481 776161 579121 426409 436921 169 935089 982081 73441 44521 52441 259081 57121 677329 779689 1681 410881 573049 516961 16129 24649 9409 885481 271441 7921 466489 146689 491401 3721 49729 452929 196249 1849 4489 12769 38809 954529 5041 368449 120409 85849 727609 961 94249 289 167281 292681 652184 350459 856741 266055 355952 756711 693742 798104 558301 987561 616741 346518 987487 75128 179732 896473 885859 205547 780015 360047 379896 785981 135575 592582 663479 604297 153884 997108 906029 726266
100
822649 358801 1681 69169 25 310249 935089 994009 196249 229441 863041 185761 776161 2809 635209 121 954529 17161 344569 6889 413449 744769 619369 654481 139129 36481 52441 3721 12769 769129 316969 434281 9 410881 9409 212521 49 58081 323761 167281 38809 273529 657721 361201 214369 10609 591361 896809 573049 192721 418609 3481 687241 961 72361 259081 18769 24649 253009 169 96721 786769 361 32761 477481 237169 332929 22201 398161 27889 96138 279459 520141 49783 583570 47599 971779 646675 847203 357675 616042 970746 325266 384973 164824 486848 493214 798221 711695 886029 846501 158549 410231 543929 795028 244006 474466 330986 350447 273084
100
214369 591361 896809 143641 398161 982081 579121 2209 12769 49 413449 358801 169 368449 375769 573049 36481 29929 289 844561 76729 160801 241081 516961 361201 6889 73441 674041 942841 80089 11449 966289 128881 17161 151321 1369 841 776161 212521 657721 2809 100489 19321 908209 703921 597529 316969 259081 734449 32041 134689 7921 69169 529 11881 253009 237169 25 502681 139129 94249 552049 10609 822649 44521 564001 66049 167281 1849 786769 447494 137907 332070 136217 926218 189123 575682 774318 933955 609730 600709 116472 360444 970252 824173 682837 280511 6436 64389 658548 785599 987333 268081 439590 781422 36546 916590 370371 339538 794566
100
38809 27889 786769 69169 674041 528529 175561 121801 477481 128881 10201 214369 358801 22201 36481 80089 744769 619369 310249 97969 167281 635209 734449 51529 502681 6889 1681 776161 24649 22801 292681 63001 17161 26569 299209 249001 368449 94249 683929 361 982081 187489 877969 3481 677329 96721 10609 657721 4 253009 120409 935089 54289 139129 25 529 687241 192721 383161 351649 546121 32041 380689 11449 361201 44521 212521 196249 552049 157609 82883 135894 422716 573002 953630 304301 4750 127913 701392 886589 660984 182376 590643 65274 530033 342563 64044 49410 597372 267539 820133 118638 417245 639469 818350 452075 203147 553081 243459 244509
100
7921 829921 18769 208849 657721 128881 896809 37249 546121 187489 49 160801 537289 734449 201601 591361 954529 54289 769129 66049 22201 477481 687241 863041 17161 1849 3721 935089 85849 96721 994009 413449 124609 310249 11881 143641 196249 29929 619369 434281 368449 332929 502681 683929 9 167281 44521 273529 323761 24649 12769 97969 185761 26569 786769 5041 100489 844561 157609 151321 32761 344569 351649 80089 383161 299209 249001 32041 885481 9409 937728 960967 736892 14889 411713 756904 430385 855528 39770 283109 3902 587862 788329 173039 289270 735954 425535 180419 693388 341942 837806 684632 374772 586298 361121 879298 405596 200222 618219 120852
100
9409 3481 120409 994009 69169 829921 113569 151321 38809 786769 502681 121801 24649 80089 398161 683929 109561 332929 436921 316969 769129 97969 44521 26569 27889 727609 177241 185761 78961 273529 37249 146689 4 229441 157609 57121 591361 292681 635209 734449 100489 6889 192721 169 22201 51529 418609 323761 18769 160801 737881 452929 63001 17161 434281 253009 908209 597529 982081 208849 2809 52441 237169 36481 564001 1369 552049 657721 299209 351649 584809 771183 950136 478061 825730 314567 178795 250451 301250 903951 395250 313074 583846 795816 218369 115631 455385 765032 603636 734174 178549 556542 167682 284493 80192 440316 531736 505610 548771 412583
100
38809 292681 175561 54289 687241 121 10609 6889 22201 351649 11449 786769 591361 908209 2809 44521 841 124609 935089 49 16129 654481 619369 994009 573049 9409 552049 160801 237169 361201 4489 779689 63001 177241 744769 426409 466489 185761 961 458329 310249 1849 12769 143641 32041 72361 134689 29929 100489 5041 537289 1369 434281 597529 529 218089 829921 7921 22801 316969 361 942841 502681 96721 982081 109561 822649 196249 410881 344569 366613 320993 126470 797527 731784 1812 687015 776524 860547 678515 205911 436858 618696 34563 774836 958307 510009 363894 141996 482548 634214 844241 134631 980211 892959 114079 818818 856002 10139 797064
100
25 175561 124609 241081 529 769129 11449 271441 289 361201 229441 214369 299209 5329 146689 935089 734449 121 16129 844561 908209 619369 2209 776161 885481 17161 292681 4 537289 26569 120409 436921 18769 85849 502681 426409 413449 57121 635209 39601 3481 961 187489 896809 157609 109561 1681 58081 358801 29929 37249 344569 316969 380689 76729 54289 201601 143641 32761 259081 546121 169 10201 66049 516961 177241 674041 12769 128881 78961 903103 999527 24003 629000 904477 997416 378958 984295 996213 493934 90499 982170 653321 131025 39963 817691 337537 347345 740853 494219 576049 869989 343852 703955 160038 982978 460594 96706 664180 670713
100
201601 528529 674041 418609 214369 380689 5041 657721 22801 841 97969 167281 32041 24649 703921 229441 822649 54289 458329 273529 564001 477481 96721 11881 113569 17161 885481 769129 160801 829921 375769 6889 29929 94249 727609 323761 361 982081 896809 863041 502681 310249 552049 3721 69169 635209 208849 26569 966289 237169 100489 683929 3481 241081 18769 187489 2809 139129 44521 259081 249001 368449 120409 271441 66049 32761 57121 85849 128881 10609 322691 186688 307503 362040 742118 434171 872739 17943 198080 468383 100728 257344 898530 282454 514995 542835 773810 614310 908782 367010 370495 166511 238810 231445 566063 204036 858661 662344 708391 874936
100
3481 380689 786769 6889 7921 703921 885481 9409 6241 69169 744769 477481 17161 29929 16129 36481 935089 564001 375769 146689 24649 954529 398161 769129 677329 2209 18769 143641 63001 10201 52441 546121 192721 502681 683929 528529 96721 157609 196249 635209 66049 466489 674041 19321 434281 121801 737881 896809 961 27889 326041 654481 1369 657721 113569 25 516961 966289 413449 863041 11449 51529 776161 12769 537289 218089 4 49729 942841 3721 146068 202116 474936 958001 378029 581996 68740 150080 632791 691919 425336 695119 116573 144966 565570 926613 276226 382142 106201 602969 848797 255699 26671 978017 464304 312987 912864 630369 706412 248481
100
73441 2209 426409 253009 157609 418609 1369 54289 6889 192721 214369 654481 22201 502681 436921 80089 954529 109561 12769 413449 11449 786769 69169 44521 19321 113569 249001 72361 58081 3481 5041 27889 169 375769 124609 896809 619369 863041 779689 212521 299209 579121 10609 935089 734449 674041 128881 39601 358801 552049 769129 201601 11881 452929 966289 326041 383161 121801 49729 316969 36481 744769 146689 961 573049 844561 17161 458329 351649 218089 684795 375246 457585 622335 208734 891671 122636 872397 720663 287571 721560 695359 954689 204603 191504 33129 69965 737568 842989 541574 960586 895792 259485 228434 801992 146142 178081 513940 412402 111742
100
57121 552049 192721 187489 491401 39601 727609 573049 196249 687241 477481 78961 9409 5041 11449 769129 516961 683929 51529 96721 436921 528529 10609 201601 452929 259081 418609 52441 619369 109561 358801 76729 85849 458329 19321 113569 124609 734449 38809 398161 466489 4 737881 44521 413449 597529 185761 786769 1369 214369 2809 657721 375769 6241 368449 635209 94249 310249 954529 121 249001 143641 579121 674041 844561 841 58081 49729 966289 410881 565159 797750 592015 181397 65484 619869 262726 491978 510093 928135 903442 686802 450505 267566 448595 3634 404060 298175 529659 903218 343949 989204 423918 650534 233157 200673 703583 906572 310491 154519
100
3481 537289 5329 29929 410881 358801 961 7921 1369 2809 196249 491401 426409 677329 273529 323761 885481 44521 146689 58081 22801 579121 829921 351649 413449 157609 25 69169 737881 54289 151321 779689 218089 776161 49 292681 863041 703921 121 877969 3721 94249 383161 1681 160801 241081 2209 201601 97969 57121 5041 85849 597529 6889 121801 727609 208849 619369 17161 37249 113569 134689 32041 954529 316969 552049 375769 63001 167281 52441 383320 473320 751985 615023 877307 551659 2015 74453 729428 848521 827582 990223 373529 154224 468201 395581 15012 820444 701097 226890 34554 783426 177956 26652 210284 852613 972158 679176 23008 434137
100
546121 683929 703921 241081 3721 229441 436921 167281 885481 4489 100489 97969 120409 844561 3481 85849 942841 529 109561 361 121801 786769 908209 537289 9 218089 579121 935089 434281 5041 201601 78961 674041 96721 6241 528529 212521 11881 368449 134689 994009 11449 17161 776161 208849 326041 51529 398161 410881 151321 185761 22201 466489 12769 310249 19321 654481 39601 458329 316969 160801 32041 418609 7921 727609 175561 271441 361201 1369 196249 342845 158830 897022 208716 128052 352010 223990 130862 532140 213851 678212 341356 201887 217837 223020 815669 288591 287540 126898 562003 947395 951716 207982 230870 549725 547852 387064 963363 965277 723900
100
734449 361 727609 466489 597529 96721 5329 368449 69169 619369 120409 4 908209 863041 966289 58081 4489 78961 201601 273529 687241 380689 143641 11449 187489 109561 552049 6241 25 383161 896809 654481 134689 2209 29929 982081 157609 271441 769129 398161 564001 160801 1369 169 253009 674041 12769 822649 703921 63001 292681 208849 54289 2809 128881 841 323761 10609 17161 237169 452929 1681 7921 3721 458329 413449 39601 6889 259081 361201 623736 3970 162897 536214 327400 123136 919983 775265 685933 200125 277909 32672 415823 66323 316764 342939 857979 682352 373135 180054 867110 572043 792958 441911 88252 713261 372784 402065 434375 787540
100
908209 398161 11881 358801 458329 51529 316969 528529 597529 22801 237169 5329 727609 54289 3721 351649 434281 121 169 564001 954529 44521 80089 151321 9409 10201 37249 9 5041 11449 94249 383161 96721 1849 674041 76729 332929 78961 229441 175561 192721 299209 120409 961 361201 591361 201601 134689 214369 289 52441 966289 32041 635209 677329 63001 3481 654481 32761 139129 896809 703921 822649 218089 72361 2209 413449 779689 418609 160801 122342 918610 577884 464799 703252 274650 190307 356772 597607 734619 728053 926826 750803 959175 311744 338238 220719 284745 970475 48333 305931 90123 283190 468372 830412 905262 804776 802361 238561 113612
100
619369 218089 982081 44521 63001 687241 413449 877969 17161 564001 703921 100489 966289 344569 4489 3481 326041 332929 57121 237169 38809 552049 49 674041 289 76729 677329 167281 201601 196249 51529 139129 737881 273529 863041 885481 253009 6241 368449 316969 124609 5041 896809 299209 177241 2209 249001 11449 477481 73441 516961 361 323761 452929 24649 16129 546121 734449 22201 185761 143641 491401 410881 727609 72361 466489 113569 654481 537289 292681 871829 8949 404910 376851 948948 362030 136483 543977 135541 442048 815625 963144 127604 245682 437266 400493 890052 181585 144159 292679 674745 419567 472333 293615 794452 775664 134990 112674 287728 719345
100
78961 63001 674041 201601 49 477481 1681 18769 192721 3481 375769 418609 426409 351649 259081 109561 49729 1849 54289 51529 687241 657721 434281 361 9 52441 167281 677329 332929 635209 97969 579121 128881 124609 249001 734449 546121 94249 358801 491401 187489 942841 196249 17161 769129 410881 185761 436921 10201 1369 829921 398161 885481 966289 361201 58081 2209 844561 744769 6241 11449 326041 177241 380689 157609 896809 38809 703921 12769 573049 142638 890152 303580 784214 572677 675288 275126 749907 794602 893991 192117 981458 726693 923304 75929 546605 115325 293290 100876 174092 388049 677444 639872 313148 951737 406133 771380 686351 805178 805066
100
351649 674041 124609 1681 241081 11449 434281 3721 187489 146689 237169 94249 310249 17161 157609 10201 398161 39601 529 734449 516961 169 452929 19321 537289 477481 259081 72361 100489 966289 361 552049 657721 11881 426409 863041 994009 383161 982081 368449 737881 212521 2809 822649 299209 18769 6241 1369 727609 418609 273529 49 16129 289 844561 332929 3481 44521 954529 5041 961 36481 120409 4 201601 491401 687241 25 97969 654481 766969 114645 24721 405111 783570 871109 931419 483434 384379 716366 938154 666252 900038 656605 835410 265916 627234 601941 780508 993026 295489 809981 650117 495760 367490 21887 326479 324738 974453 574443
100
1369 29929 677329 187489 546121 271441 436921 73441 737881 5041 434281 38809 157609 727609 954529 326041 935089 11881 143641 654481 3721 259081 410881 779689 477481 9 160801 4 146689 344569 908209 358801 877969 10609 529 69169 120409 452929 11449 63001 253009 18769 273529 466489 27889 289 22201 229441 994009 380689 516961 7921 175561 249001 863041 351649 57121 49729 942841 185761 361 683929 52441 375769 2809 192721 85849 597529 564001 966289 869130 884934 500414 998238 613656 999506 802063 233699 337759 479523 255076 409212 940102 178102 927050 802477 604098 347601 203749 335605 399998 855420 956635 504126 73842 578338 601576 682603 149542 358806
100
72361 229441 361 1681 368449 994009 466489 11449 677329 358801 9 49729 85849 22801 635209 863041 908209 398161 5041 822649 7921 529 434281 113569 299209 241081 516961 885481 169 954529 844561 537289 528529 619369 289 877969 452929 323761 19321 80089 76729 121 78961 32041 146689 201601 591361 361201 52441 134689 687241 326041 69169 192721 4 564001 271441 253009 597529 25 37249 109561 4489 779689 18769 157609 36481 11881 128881 316969 221936 862157 808516 844163 505202 631958 54163 990836 629184 205949 789233 964143 42866 726327 838863 325483 180546 7536 582026 952065 779748 116472 694752 801433 131797 425345 537027 956391 113103 19705
100
19321 160801 779689 177241 22201 73441 9 3481 27889 25 844561 316969 253009 564001 54289 10609 528529 201601 10201 896809 38809 994009 11881 44521 942841 139129 29929 410881 57121 63001 4489 2809 591361 477481 5041 786769 885481 908209 966289 954529 1369 332929 6889 413449 537289 218089 49 635209 6241 146689 5329 37249 76729 26569 16129 323761 292681 185761 703921 143641 69169 769129 573049 36481 361 351649 109561 94249 436921 97969 64179 73468 254737 946668 566545 696215 90574 485199 533824 67518 231721 986693 63458 683860 542640 354755 304509 392106 719802 577984 738591 397548 615677 137286 72614 790968 541025 868610 78066 611174
100
120409 73441 10609 49729 776161 177241 2209 674041 727609 57121 3481 908209 737881 683929 249001 169 687241 344569 192721 418609 413449 358801 94249 72361 32041 76729 100489 537289 2809 229441 942841 113569 935089 139129 477481 12769 7921 36481 452929 18769 822649 10201 410881 877969 896809 380689 259081 1681 271441 654481 214369 39601 829921 44521 201601 3721 466489 351649 96721 426409 16129 29929 383161 58081 361201 24649 160801 289 6241 187489 573640 364809 447374 837105 356678 394508 470539 1114 500139 997284 224503 573387 259702 403326 752174 458507 880495 503722 811756 989781 394016 895879 554397 677671 390934 461998 426200 321618 401701 920871
100
44521 410881 94249 982081 9409 208849 703921 677329 7921 201601 32761 436921 143641 375769 552049 844561 187489 564001 177241 466489 657721 344569 966289 579121 249001 786769 380689 734449 157609 687241 66049 22801 76729 52441 237169 316969 358801 4489 121801 654481 16129 22201 11881 97969 737881 727609 361201 72361 528529 51529 310249 326041 11449 477481 954529 32041 573049 124609 591361 744769 12769 779689 597529 361 292681 398161 896809 167281 175561 63001 950 279946 809965 326858 845130 420045 342910 419467 572317 851222 828756 529512 233321 51381 877025 936925 741881 560441 246468 764500 216678 621289 450541 180562 447794 556403 41588 896026 167004 425254
100
121801 452929 134689 10201 128881 143641 157609 310249 259081 24649 529 564001 316969 26569 6889 3481 113569 502681 516961 552049 597529 361201 22801 619369 36481 66049 491401 375769 54289 100489 966289 896809 942841 10609 4 579121 326041 78961 38809 436921 466489 368449 1849 573049 9 908209 737881 3721 727609 249001 734449 52441 16129 961 12769 410881 2809 885481 5041 434281 776161 51529 169 151321 192721 72361 292681 703921 57121 27889 792840 3326 231540 651694 869126 923698 473875 380784 59684 755968 483598 642509 118106 591796 307635 882480 471014 405702 426480 836501 868687 669566 167798 228447 986500 195227 384618 360663 879256 644612
100
208849 863041 4489 908209 383161 134689 94249 316969 11881 63001 375769 703921 212521 579121 52441 502681 344569 218089 310249 120409 157609 822649 25 169 11449 3481 737881 196249 769129 597529 185761 32761 241081 22201 128881 12769 452929 10201 776161 434281 39601 17161 259081 323761 29929 966289 7921 844561 19321 139129 458329 113569 151321 54289 654481 877969 552049 72361 167281 76729 100489 961 58081 80089 69169 24649 36481 121801 727609 361201 105161 447170 309393 642650 97257 106750 598848 723615 424453 33577 278030 484751 646787 459628 243897 287279 813027 337362 539582 938117 201932 521050 348127 61801 749408 433368 783962 820512 791696 842617
100
24649 677329 2809 982081 1681 786769 683929 16129 22801 383161 175561 51529 674041 27889 73441 241081 201601 192721 124609 85849 69169 32041 52441 344569 12769 10609 249001 10201 885481 776161 109561 38809 19321 597529 212521 573049 994009 426409 151321 3481 143641 779689 452929 57121 966289 477481 466489 253009 167281 96721 259081 160801 529 54289 703921 841 6889 942841 214369 44521 32761 375769 528529 579121 121 351649 2209 502681 361 146689 812818 147566 34623 784636 381105 381625 686852 5153 979794 889752 101084 440350 862640 3771 720474 733906 173404 7695 802713 123072 801497 655421 872506 742479 703413 188704 99363 135449 55410 372040
100
72361 58081 9409 375769 187489 935089 635209 829921 69169 3481 289 151321 44521 896809 564001 310249 5329 552049 22801 769129 380689 368449 139129 229441 109561 121 674041 5041 351649 683929 4 908209 954529 885481 863041 3721 966289 737881 37249 292681 619369 841 22201 591361 201601 458329 175561 529 477481 167281 157609 80089 146689 573049 734449 383161 332929 1369 26569 776161 877969 134689 516961 703921 237169 273529 36481 436921 579121 100489 261504 99973 854845 876710 716727 498154 907077 344611 436865 777696 668516 394993 419204 969477 957678 472708 187216 311411 593096 865587 80202 144302 754628 746309 300378 151095 687134 775065 503474 433894
100
358801 54289 38809 16129 72361 36481 597529 383161 11449 49 398161 877969 436921 96721 458329 143641 316969 3721 169 361 63001 185761 657721 212521 413449 22801 529 683929 528529 208849 477481 326041 177241 51529 259081 654481 1681 57121 80089 17161 502681 537289 619369 769129 66049 982081 564001 703921 491401 196249 139129 49729 37249 466489 109561 146689 1849 52441 677329 332929 1369 452929 124609 361201 273529 546121 908209 271441 253009 22201 48451 343139 440587 496637 556588 724631 11492 983070 223515 307776 941673 756515 109374 999040 181012 158876 392309 697699 505453 165534 132830 912133 605269 773007 273470 676905 139096 533041 380505 974073
100
564001 491401 134689 167281 37249 237169 52441 38809 185761 139129 2809 253009 344569 22201 51529 32761 537289 36481 326041 436921 380689 908209 273529 477481 323761 17161 57121 12769 737881 19321 7921 744769 683929 734449 241081 674041 196249 94249 654481 10201 73441 863041 66049 4489 942841 259081 63001 120409 877969 776161 192721 49 703921 143641 97969 39601 249001 121801 383161 177241 502681 316969 69169 351649 9 552049 218089 229441 573049 169 691612 773988 410629 171507 716567 657687 448843 602169 883959 256407 875282 588484 920988 527205 24460 468810 903512 428001 170865 32588 55367 934439 635872 613433 203720 165559 583898 105334 349222 25830
100
49 994009 146689 120409 552049 677329 323761 134689 37249 744769 201601 477481 113569 121801 6241 143641 737881 727609 128881 9409 426409 187489 413449 2809 63001 452929 635209 779689 579121 654481 935089 22801 124609 344569 175561 418609 16129 54289 674041 273529 332929 361 36481 458329 26569 299209 32041 229441 22201 259081 326041 4489 10609 368449 516961 58081 822649 3721 177241 29929 597529 863041 410881 466489 289 160801 66049 3481 17161 546121 350587 451109 79729 485193 179272 513030 177506 873142 614768 559581 667679 143597 92487 551211 13453 394382 34116 335881 20684 939873 135560 610032 647756 668794 868446 123490 286806 468013 881931 722300
100
323761 2209 954529 185761 6241 120409 737881 537289 72361 316969 466489 26569 477481 822649 413449 39601 885481 44521 564001 51529 9 332929 863041 160801 37249 289 491401 368449 529 935089 229441 58081 841 11881 687241 410881 259081 3721 54289 49 25 654481 16129 579121 9409 109561 299209 85849 786769 552049 76729 6889 96721 7921 776161 5041 426409 683929 139129 383161 157609 143641 201601 22201 29929 69169 358801 17161 121 292681 307855 411520 405164 208300 691685 904646 623147 837654 67908 988521 933025 394928 981799 832680 819923 747241 566336 389048 748086 678176 213232 204506 831630 830123 227562 476565 32158 34168 209145 256804
100
3721 477481 49 579121 160801 844561 351649 253009 410881 573049 458329 124609 674041 935089 37249 24649 5041 619369 52441 452929 10609 491401 63001 2809 32761 139129 94249 72361 769129 22201 516961 323761 196249 17161 310249 109561 529 687241 2209 32041 192721 69169 502681 80089 167281 85849 383161 546121 229441 241081 38809 16129 657721 27889 78961 22801 744769 683929 5329 121801 271441 237169 908209 316969 44521 344569 734449 54289 214369 332929 894192 415490 256632 745429 705988 982348 914453 663151 279640 788752 898461 22561 49648 753451 342818 413478 293400 433341 78068 930741 869563 239355 5647 758564 117888 845364 846402 862211 322668 675018
100
6241 109561 1681 942841 32041 466489 63001 779689 502681 935089 727609 4489 9409 477481 310249 22801 27889 351649 994009 683929 76729 100489 19321 49 218089 196249 452929 167281 7921 591361 529 25 36481 413449 744769 113569 654481 134689 160801 124609 703921 885481 375769 299209 619369 11449 94249 78961 16129 212521 3721 29929 273529 564001 6889 829921 229441 139129 552049 458329 73441 253009 954529 249001 208849 80089 237169 17161 18769 434281 761448 582605 762682 72216 921504 858622 24629 428608 428731 271607 743739 175147 269830 861447 631093 84863 367101 635892 368975 784645 225078 662935 204177 155900 667100 49480 365955 874028 578472 845236
100
17161 44521 241081 844561 259081 96721 935089 196249 502681 896809 5041 434281 316969 63001 657721 552049 16129 36481 121 310249 737881 9409 358801 3721 229441 146689 994009 201601 573049 121801 292681 4489 841 32041 677329 85849 961 10609 76729 134689 139129 458329 727609 167281 776161 52441 1849 237169 674041 6889 779689 37249 4 49729 579121 66049 351649 368449 169 619369 1369 69169 591361 11449 564001 885481 18769 27889 5329 32761 941366 912313 874828 511672 447549 520197 925477 7564 71703 273445 490040 513424 326804 832905 428595 831799 965142 68477 688496 425641 549460 330820 970263 47405 374957 41522 195963 131279 227096 647517
100
529 185761 1681 12769 564001 51529 7921 368449 69169 344569 3481 85849 954529 779689 9 323761 458329 537289 1849 3721 24649 635209 124609 994009 6889 375769 292681 289 249001 786769 516961 157609 361201 299209 38809 175561 44521 841 703921 982081 196249 5329 896809 734449 410881 58081 18769 776161 326041 10201 502681 2209 273529 398161 94249 579121 26569 877969 57121 54289 253009 737881 113569 452929 187489 66049 358801 477481 134689 22801 86012 326733 661311 242385 458228 187010 209187 47823 452329 388520 370558 578125 477893 183919 541680 541305 881215 520041 169933 865377 242867 969489 369641 241714 518684 803499 829371 33788 194237 660631
100
657721 196249 124609 151321 121 73441 57121 201601 187489 78961 143641 292681 458329 436921 69169 9409 9 214369 398161 361 19321 212521 516961 829921 4 2809 779689 241081 3721 11881 128881 146689 375769 109561 85849 426409 896809 418609 477481 32041 654481 344569 466489 39601 120409 18769 58081 76729 877969 100489 259081 908209 546121 966289 37249 63001 982081 32761 687241 96721 383161 49 4489 786769 273529 27889 12769 326041 597529 528529 834310 641004 338559 82090 790540 402412 977748 221130 390184 387849 717702 44459 208347 603974 448954 921232 105019 890082 332543 706965 103661 546969 307244 960057 485488 313173 226064 711578 496983 611478
100
54289 32041 597529 844561 1681 537289 3481 97969 100489 36481 6241 218089 69169 528529 299209 822649 214369 237169 1369 29929 383161 241081 954529 573049 253009 22201 292681 58081 361 192721 128881 57121 11881 78961 351649 259081 157609 52441 175561 72361 96721 167281 39601 208849 908209 94249 16129 38809 727609 316969 22801 935089 249001 436921 410881 32761 177241 734449 961 458329 85849 683929 418609 121 361201 289 677329 966289 121801 737881 396614 635059 225512 469250 158462 283711 968864 842061 935402 230855 542170 965841 727162 165285 133881 334370 189463 469579 522255 557670 352962 198564 292207 759528 584024 904743 575106 230715 593645 271170
100
982081 3481 253009 11881 16129 38809 1849 139129 619369 885481 344569 22201 78961 332929 635209 9 12769 113569 109561 22801 76729 175561 36481 157609 6889 218089 128881 5329 146689 398161 49729 237169 249001 537289 841 192721 6241 458329 877969 27889 477481 201601 58081 564001 289 177241 316969 32041 10609 208849 822649 3721 160801 326041 1369 229441 516961 657721 452929 66049 167281 466489 169 908209 51529 413449 1681 10201 426409 26569 714936 128645 514150 84043 923476 59098 360430 866980 29983 821897 556466 769079 315931 120075 348886 916245 27790 976088 186053 479213 391988 362207 618796 750295 378435 621908 675561 779671 779410 457106
100
237169 201601 737881 1849 212521 27889 657721 22201 410881 192721 358801 196249 961 32041 214369 18769 76729 73441 11881 10609 49729 241081 1681 863041 3721 344569 552049 413449 120409 677329 51529 426409 139129 908209 17161 24649 66049 323761 4489 38809 458329 654481 619369 78961 546121 271441 528529 885481 121801 229441 146689 375769 529 128881 434281 97969 11449 597529 966289 954529 151321 744769 687241 351649 491401 29929 564001 7921 452929 982081 820878 526413 133598 559113 762164 97877 471107 185968 545323 908943 15532 804507 690044 528366 505021 667961 773407 473928 706856 707607 871048 793700 301057 915444 453114 538072 837004 517389 600271 126302
100
683929 776161 579121 383161 546121 85849 241081 410881 32041 177241 877969 491401 326041 29929 214369 12769 635209 4489 380689 97969 368449 249001 120409 2809 10609 16129 22801 201601 80089 10201 619369 73441 57121 63001 516961 218089 2209 418609 49729 187489 426409 786769 66049 677329 11449 674041 4 502681 94249 9 32761 292681 151321 458329 51529 1369 72361 323761 537289 128881 212521 591361 361201 289 78961 1681 44521 863041 69169 908209 201079 977839 734730 637462 459491 921439 56611 832319 602384 499918 366128 482006 900103 324565 11447 412396 960584 189555 591719 40042 210139 294572 909822 279035 705769 422116 935744 380735 659938 88823
100
418609 271441 863041 727609 157609 11449 458329 214369 552049 361201 703921 829921 332929 769129 97969 273529 619369 143641 654481 537289 383161 39601 954529 113569 452929 29929 635209 32041 16129 734449 841 744769 120409 375769 27889 175561 323761 134689 44521 24649 436921 139129 687241 9 657721 128881 426409 344569 310249 5329 316969 942841 351649 22801 4489 146689 241081 358801 26569 37249 361 292681 78961 982081 49729 58081 218089 597529 908209 49 493661 26671 354421 413868 225722 152333 516387 775996 431875 967467 871709 498515 706105 453171 207977 785564 854257 428688 2861 465821 620354 285920 667126 478351 880954 140477 495690 365554 382760 290246
100
25 529 776161 573049 120409 196249 4489 69169 229441 27889 619369 11881 73441 121801 657721 597529 97969 727609 26569 52441 674041 57121 863041 332929 5041 160801 323761 192721 744769 121 3481 687241 358801 7921 169 1369 935089 452929 786769 187489 9 134689 966289 109561 63001 94249 212521 1849 10201 58081 32761 271441 241081 361201 259081 6241 185761 167281 877969 734449 361 3721 351649 375769 22801 2209 552049 292681 249001 426409 990379 665349 392003 919376 52921 318371 9597 487496 5903 284724 833386 125647 905212 48963 139453 416453 80774 710149 833261 301496 576324 809996 369443 439594 763060 439758 71497 659009 684327 274193
100
769129 7921 169 299209 477481 214369 6889 10201 19321 368449 844561 885481 44521 76729 237169 310249 22201 121801 69169 259081 546121 552049 73441 822649 292681 654481 17161 208849 375769 121 466489 361 49 187489 27889 26569 289 316969 16129 128881 39601 10609 94249 687241 452929 253009 528529 151321 2209 177241 22801 410881 113569 516961 841 674041 9 537289 935089 185761 66049 57121 954529 573049 167281 37249 32761 434281 157609 619369 530487 465942 732059 598990 697109 653302 806919 969170 578387 956680 481680 42117 92765 112784 432823 758027 634212 595549 10626 557006 436862 126006 368542 479585 215251 848783 715260 178493 248562 498664
100
323761 128881 175561 413449 36481 829921 212521 434281 32041 954529 22801 292681 966289 502681 25 17161 39601 187489 12769 52441 208849 38809 491401 744769 703921 591361 196249 418609 1849 109561 398161 151321 259081 5041 100489 157609 3721 546121 49729 885481 72361 597529 96721 2209 452929 10201 844561 4489 6241 863041 80089 32761 78961 786769 19321 564001 18769 121 160801 683929 332929 942841 7921 241081 218089 9409 124609 76729 727609 201601 246221 534129 375018 966754 308702 860060 156079 617860 153463 802480 124578 81487 492092 357018 412521 2250 328867 154124 52078 527399 438758 303072 330018 635305 901804 502284 908249 615657 448781 367115
100
78961 128881 113569 5329 29929 769129 76729 380689 418609 201601 654481 776161 121801 229441 49 935089 316969 151321 69169 10609 289 687241 52441 32041 10201 398161 877969 966289 516961 727609 674041 109561 27889 358801 737881 344569 744769 3481 5041 22801 413449 39601 6889 22201 6241 954529 253009 546121 51529 175561 332929 591361 160801 564001 683929 844561 375769 259081 436921 24649 169 579121 477481 157609 249001 779689 841 212521 49729 97969 643148 82931 680537 836619 270576 603673 908405 825703 81519 764629 697127 237322 564283 420574 523371 612078 904001 115148 458689 565818 398762 217522 600088 529223 962538 913141 856392 573341 961278 646545
100
436921 299209 72361 829921 11449 139129 76729 908209 935089 10201 982081 552049 121801 564001 5329 3721 418609 22201 727609 410881 229441 546121 96721 128881 94249 36481 39601 196249 896809 591361 249001 143641 151321 69169 12769 961 7921 19321 187489 654481 134689 160801 37249 674041 452929 49729 954529 214369 398161 175561 380689 966289 737881 703921 17161 259081 344569 375769 434281 16129 167281 109561 44521 157609 38809 361 146689 744769 26569 192721 703749 659249 489394 726421 674249 920404 73840 30460 417618 136792 657853 335230 781678 339662 866554 683885 364936 775373 835253 50497 978873 782541 362267 327171 525036 200575 867710 494852 723254 205675
100
11449 769129 776161 452929 579121 39601 635209 2209 208849 380689 829921 214369 121801 38809 49 591361 73441 109561 229441 32041 97969 52441 100489 96721 994009 299209 398161 26569 128881 1849 458329 727609 961 157609 4 49729 410881 564001 436921 121 94249 351649 822649 11881 6241 966289 212521 17161 687241 29929 218089 5329 426409 310249 942841 134689 249001 413449 10201 22801 253009 80089 546121 57121 27889 619369 529 12769 120409 5041 147710 477978 824845 687230 244799 118554 492850 168917 656058 54603 539872 445097 489290 100495 630331 313186 477479 490946 136302 130324 351446 627946 658219 26755 336821 536554 356332 921006 296683 279460
100
146689 4489 22201 157609 344569 192721 273529 39601 128881 16129 9 121801 597529 218089 529 966289 52441 169 657721 208849 466489 6241 3481 361201 17161 109561 779689 44521 323761 410881 249001 326041 477481 786769 1681 4 27889 271441 63001 310249 241081 38809 11881 1369 877969 299209 73441 516961 121 18769 332929 383161 418609 10609 769129 292681 546121 734449 829921 229441 426409 134689 10201 196249 961 139129 677329 822649 737881 908209 49657 660309 708896 766986 221398 331729 139711 403595 331376 383373 812550 35350 971132 267339 899836 611814 348725 843861 868247 271388 420923 27413 258150 866416 225429 5742 284561 425244 574443 303765
100
72361 19321 954529 737881 529 744769 597529 229441 66049 477481 128881 7921 175561 29929 121801 434281 994009 9409 380689 829921 683929 157609 146689 124609 573049 36481 299209 139129 214369 5041 10201 167281 564001 822649 358801 375769 22201 273529 271441 18769 78961 212521 458329 134689 85849 310249 10609 201601 591361 26569 57121 289 24649 413449 942841 218089 58081 54289 619369 253009 316969 16129 383161 844561 1681 151321 368449 6889 52441 502681 105767 845312 927781 369016 478595 50848 78478 855799 211146 951428 251153 156196 743499 867736 955381 33563 926377 948182 700536 446007 908059 643274 183072 246667 131624 96472 861314 836595 625688 175820
100
635209 822649 786769 410881 326041 994009 72361 292681 418609 654481 39601 201601 160801 935089 17161 19321 657721 26569 96721 151321 175561 76729 94249 32761 383161 100489 591361 57121 877969 458329 36481 966289 208849 5041 351649 573049 18769 85849 22801 22201 744769 516961 2209 10201 316969 196249 124609 241081 452929 80089 299209 212521 109561 426409 49 491401 908209 113569 375769 214369 51529 218089 1681 128881 358801 11449 687241 229441 477481 73441 867472 956502 256001 403670 848821 200033 340293 450475 561373 468043 395809 982547 800548 285506 694210 674418 547339 418430 807455 573340 469361 759826 309083 208625 412439 341579 865223 167390 190980 111669
100
737881 5329 436921 212521 552049 10609 292681 954529 908209 383161 491401 961 654481 1849 591361 96721 185761 410881 85849 426409 16129 26569 398161 299209 863041 776161 208849 332929 674041 66049 537289 134689 25 466489 734449 69169 146689 935089 237169 10201 289 100489 597529 120409 253009 39601 516961 259081 573049 982081 218089 32761 249001 896809 58081 683929 477481 380689 27889 94249 4 323761 57121 22801 375769 49729 844561 7921 139129 97969 548600 629931 228254 935723 172445 685054 580335 924311 248738 509988 924117 726331 613899 722452 784948 625228 200198 538060 497280 698535 186979 696130 896750 247199 641948 979925 32404 699188 30189 154528
100
36481 134689 22801 961 214369 5041 124609 591361 146689 436921 58081 69169 52441 271441 935089 80089 24649 157609 241081 66049 452929 51529 966289 375769 942841 877969 674041 703921 26569 5329 477481 3721 434281 537289 63001 76729 361 786769 529 54289 885481 822649 383161 39601 863041 121 2209 7921 410881 201601 78961 552049 120409 169 175561 160801 351649 326041 516961 982081 1681 49729 829921 546121 185761 344569 143641 11881 769129 6241 272137 802159 496081 21876 882534 717577 760737 280845 192059 83539 716754 398584 277504 403483 931713 574977 818102 524652 457498 749540 153896 981198 881868 780196 846943 564458 753075 582282 138263 164423
100
961 674041 597529 2209 9 769129 896809 76729 829921 351649 877969 502681 727609 271441 323761 1681 146689 175561 935089 4489 208849 434281 779689 491401 398161 6889 3481 737881 241081 863041 426409 11881 982081 229441 316969 436921 94249 185761 128881 134689 44521 29929 54289 326041 24649 564001 413449 49 477481 113569 26569 579121 139129 885481 776161 72361 12769 573049 908209 358801 169 214369 273529 196249 22201 249001 380689 375769 38809 120409 849288 55752 401526 247482 566820 315852 139203 474330 602560 782999 792439 107115 527680 733909 183092 744652 552425 229788 987917 197974 374856 469936 214801 310400 282926 917903 496525 604760 417213 458193
100
169 52441 3721 16129 289 139129 4 1849 380689 383161 896809 7921 502681 564001 151321 109561 1681 597529 619369 6241 436921 80089 9 635209 157609 769129 654481 192721 54289 134689 2809 657721 954529 24649 361201 38809 97969 37249 241081 201601 358801 18769 332929 351649 573049 32041 175561 966289 214369 76729 69169 185761 942841 146689 143641 528529 477481 124609 537289 237169 271441 1369 9409 253009 579121 22801 877969 426409 10201 822649 476006 110224 20775 509466 824302 950875 783344 526030 786041 132612 459468 734938 822471 911957 272502 153008 86077 273264 262697 273957 451112 611842 827549 956638 323986 620665 934635 315115 423192 491546
100
6241 22201 24649 49 344569 196249 375769 160801 273529 49729 310249 361 466489 58081 208849 192721 143641 241081 249001 72361 942841 332929 316969 674041 9 29929 3721 78961 410881 564001 185761 214369 18769 229441 877969 2209 398161 326041 4 458329 253009 552049 80089 687241 491401 908209 39601 418609 22801 32761 769129 36481 413449 167281 426409 537289 703921 619369 57121 516961 383161 218089 4489 351649 201601 63001 1849 786769 37249 10609 983837 853427 822536 624495 264470 267898 939494 532243 316917 654431 564869 605438 507530 362007 918464 413998 642737 319550 782148 279915 927867 850061 589889 699814 792101 404949 421996 4162 828062 31513
100
383161 175561 36481 502681 7921 96721 619369 37249 32761 908209 961 877969 591361 316969 654481 885481 5041 214369 844561 1369 734449 434281 121 160801 564001 143641 167281 2209 16129 212521 573049 25 113569 38809 259081 546121 22201 177241 657721 85849 124609 49729 703921 491401 52441 982081 78961 289 786769 146689 237169 361201 677329 73441 169 17161 292681 398161 187489 151321 1849 192721 76729 822649 9 597529 769129 954529 458329 273529 27096 537226 831326 44369 954622 372056 227721 73944 10279 721911 976694 469491 777070 424704 533002 538095 996200 277450 716688 269434 821824 839117 842465 133927 890044 630364 279714 201938 27232 610239
100
10201 896809 786769 9409 657721 139129 546121 477481 779689 289 516961 80089 69169 734449 674041 528529 128881 37249 39601 323761 212521 1369 908209 177241 683929 249001 466489 9 841 2209 361201 10609 6889 332929 44521 273529 3481 398161 434281 537289 259081 52441 38809 579121 66049 229441 11449 76729 78961 12769 185761 635209 29929 214369 877969 187489 94249 564001 143641 49 113569 57121 351649 5329 452929 32041 124609 121801 573049 241081 732726 977971 64599 59290 821636 386704 778272 197400 391644 463476 953601 467357 131849 244575 862787 449647 539821 546886 410042 177292 632036 778822 753013 242512 255226 477902 270410 82323 477325 627829
100
187489 579121 323761 5041 982081 591361 418609 124609 564001 657721 134689 32761 316969 36481 49729 169 253009 76729 24649 361 877969 375769 151321 49 528529 241081 25 380689 769129 208849 185761 1681 966289 167281 703921 954529 2809 37249 96721 326041 368449 434281 22801 398161 361201 237169 358801 121 4489 4 383161 3721 16129 452929 994009 654481 687241 597529 410881 841 344569 52441 121801 229441 18769 72361 196249 11449 332929 885481 886847 227994 177484 624549 125345 414128 284472 359822 983092 276407 429638 309860 359917 226548 309166 844478 352632 936486 461553 124244 111697 184021 380625 199324 197615 148863 574430 77840 220342 579139
100
1369 1681 249001 39601 44521 139129 185761 418609 76729 196249 769129 361 954529 66049 3721 177241 10201 674041 151321 9409 413449 237169 786769 323761 654481 271441 124609 29929 94249 109561 885481 4489 332929 299209 167281 54289 253009 677329 10609 27889 744769 528529 97969 896809 877969 208849 703921 157609 779689 942841 36481 368449 17161 358801 687241 436921 78961 477481 11881 49 982081 218089 169 5329 3481 69169 121801 552049 458329 683929 192550 330028 6356 162547 465885 479506 590731 575542 393520 743751 515838 115369 183064 414365 769695 734609 483984 354900 516304 44245 386670 550386 77944 113905 469922 592959 922700 549381 38434 28359
100
78961 737881 3481 49729 212521 10609 139129 289 344569 26569 76729 146689 80089 57121 657721 192721 2809 121801 619369 63001 5041 271441 744769 22201 942841 58081 196249 52441 383161 1681 410881 734449 316969 214369 39601 36481 564001 97969 786769 677329 22801 151321 727609 591361 687241 10201 185761 398161 1849 426409 326041 25 18769 829921 844561 32761 528529 380689 169 54289 143641 361 9 100489 961 418609 292681 776161 32041 529 801952 232773 807542 36703 954984 888733 923262 524048 844711 157319 497922 170574 647989 472005 912141 311450 180669 753149 952251 878104 610325 930842 699486 855939 785663 750004 61424 74484 368190 928321
100
113569 11881 786769 942841 253009 80089 292681 7921 76729 52441 208849 502681 994009 4 683929 744769 36481 3481 214369 97969 139129 192721 591361 982081 418609 54289 96721 635209 896809 908209 229441 383161 351649 249001 737881 375769 703921 426409 175561 24649 49 11449 573049 410881 326041 32761 185761 452929 51529 1369 1681 66049 10609 398161 38809 844561 218089 316969 134689 434281 121 477481 5041 146689 3721 10201 687241 143641 841 58081 489439 179547 77363 788638 795448 633625 928194 326122 731855 631816 175310 513650 929177 802358 500807 814223 311928 356830 647349 598010 630113 995049 541845 922536 682139 108230 886195 185026 500327 158324
100
458329 332929 528529 368449 776161 1369 546121 344569 187489 491401 109561 9409 683929 292681 253009 128881 591361 214369 19321 6241 249001 39601 410881 744769 564001 241081 844561 85849 139129 54289 17161 477481 4489 418609 32041 201601 121801 26569 942841 734449 229441 502681 994009 51529 37249 52441 954529 9 259081 76729 1681 143641 218089 36481 398161 121 24649 375769 208849 120409 273529 841 27889 3721 961 58081 654481 78961 44521 2209 20429 609720 602719 265905 939982 729018 546284 524204 166235 83292 502180 304546 424265 228310 424445 740866 571987 653685 229776 976273 828198 343339 104164 135898 593421 835823 584031 504780 778223 584477
100
100489 657721 1681 734449 121 935089 167281 375769 310249 316969 113569 597529 160801 169 11449 863041 380689 410881 786769 383161 6241 458329 683929 982081 537289 844561 121801 779689 466489 877969 22201 120409 744769 994009 27889 63001 17161 737881 22801 139129 961 361201 57121 72361 208849 434281 5329 413449 326041 134689 344569 323761 822649 212521 674041 69169 528529 776161 49729 591361 502681 687241 54289 24649 85849 185761 361 76729 351649 187489 208893 453795 488417 868227 599832 85247 227731 544539 618708 331613 365223 426181 720101 283419 570940 204614 734364 976253 50748 914147 326715 845525 972972 485163 913536 618868 836867 240704 511772 215385
100
982081 289 32761 361 187489 24649 776161 25 32041 687241 552049 683929 49 310249 143641 19321 3481 139129 1369 961 271441 1849 426409 516961 1681 896809 657721 3721 49729 212521 44521 502681 2809 10201 37249 76729 935089 196249 52441 128881 786769 619369 39601 185761 477481 9 368449 452929 332929 124609 994009 85849 597529 54289 908209 375769 537289 885481 208849 361201 201601 113569 259081 954529 528529 323761 383161 69169 769129 253009 389924 125033 134115 688648 309698 805371 827415 300980 907246 674899 471400 352964 407206 368177 613643 127811 362833 933173 837878 644015 523683 980448 546769 882435 693234 608468 590329 180567 513857 333407
100
3721 2209 323761 54289 552049 25 1369 271441 383161 579121 36481 289 249001 491401 121801 3481 39601 657721 896809 299209 253009 26569 935089 185761 344569 954529 187489 214369 683929 528529 426409 942841 635209 994009 502681 5041 477481 452929 687241 677329 564001 9 11881 4 58081 361201 727609 32761 97969 19321 516961 361 273529 769129 76729 72361 24649 844561 466489 368449 7921 12769 4489 201601 63001 143641 10609 877969 160801 124609 963009 55549 283369 636046 983484 130567 238489 543541 822014 105055 862674 171095 308940 409334 157904 781646 664513 72706 51000 492597 571191 616072 966954 487075 964680 799669 916334 629803 229920 290672
