835190283
980384484
88976309
738558287
655972593
424585726
418235368
920547499
550823550
658434783
931044195
115182590
698739883
171699393
921137484
219567411
52690050
348455080
495366015
344355715
969457556
274074799
555457217
922589439
970610233
784611494
244568210
37539399
19797952
554563036
290672522
985740651
130686172
539457828
64209149
864086897
374282677
833987524
310417888
224030558
198696251
305555438
891185114
764240473
198378224
753541356
29899033
428851153
323974463
287616654
418333353
596344242
99005854
441216617
696728977
135104313
727208313
970362562
543449440
855091836
794319783
546654888
221404929
985493501
327917919
843950128
734791214
628850768
92970357
593137800
709083337
269411229
449376504
49527766
398643087
803797787
199525438
225442153
420617119
889052759
641127938
981452853
427081008
325738413
398907433
270444603
938753644
175168607
761088173
706862152
692508105
506779619
592415647
605939395
243629824
28751173
880467290
642038175
274857481
23197763
