915805596
621563094
884009513
27942651
15522892
599933498
261696588
325727333
816705618
647716290
355515114
137479235
709312373
350550980
241227271
955012497
675635349
681487442
448954502
574129157
887987902
672784645
268083138
908983337
231495213
654720159
40948140
540450380
931939188
431744482
921145492
342226315
166540456
274999474
423063153
313275804
156465771
766059277
179681619
515106964
341319654
603833182
366820897
259247598
927875379
951942435
146139045
289669825
175183232
604969373
117825999
47285827
912888317
998403139
424698387
401345534
741871429
758930093
852610879
789199115
109128087
26108967
685353233
615944888
263053800
535290517
873297859
643835889
65119120
546049228
444257072
854255898
822053672
888225672
348189086
785904672
363995025
828006917
376079276
396552547
925952257
203656111
793162196
381358044
109477971
6620946
926736919
591143163
105181831
616968905
271693084
356395993
241844164
858024708
460205283
208368424
494804430
312657518
47786101
108839314
