1 UWN
2 QIP
3 VDC
4 REK
5 BZX
6 HYT
7 AFL
8 OGM
9 SJ
100
555 222 2
666 7 777
666 88 1
99 22 5 9
55 777
66 55 22
666 99 44
22 8 1
333 4 1 7
5 55 4
111 4 1 6
11 1 7 11
777 22
99 99 1 8
9 6 777 8
333 222 9
66 5 11 4
22 4 444
333 22
444 6 66
111 2 777
555 222
7 6 3 555
444 3 9 9
2 4 55 6
55 55 777
6 33 22
4 888 99
8 1 8 2
55 222
1 777 22
777 8 111
111 22 4
333 99 5
8 888 111
666 33
3 444 777
88 4 9
555 66
2 111 66
4 222 99
111 6 99
6 111 3 3
8 77 6 66
9 77 3 6
77 4 66 1
3 44 22 8
444 1 33
1 44 777
9 9 77 77
8 444 333
1 99 7 77
8 777 44
77 22 11
222 888
11 66 444
99 7 5 6
888 6 5 4
222 66
5 7 9 77
1 66 222
222 333
8 2 9 8
6 88 3 5
8 555 11
222 333
8 111 555
2 77 22 5
444 7 666
333 1 6 5
7 66 22 5
666 7 333
7 9 99
4 111 7 3
66 9 44
222 99 2
44 77 444
888 9 9 8
9 88 33 4
111 4 222
666 6 9
6 44 222
2 777 444
333 77 11
777 888 3
33 1 555
66 5 9 9
55 1 88
8 444 222
6 444 333
3 9 1 8
6 77 11
2 2 11 11
44 777 66
22 111 22
33 77 3
8 44 6 5
99 99 7
44 77 9 8
2 222 1
