1 TOQ
2 CUS
3 MPY
4 KRJ
5 BGH
6 NDE
7 FWZ
8 VIA
9 LX
1000
555 4 555 3 6 2 55 22 333 4 6 77 77 11 99 99 66 66 333 6 99 3 11 99 333 4 4 888 555 333 99 9 99 333
44 6 44 99 6 555 66 55 66 7 555 11 77 8 11 555 3 88 555 99 88 4 66 5 444 77 88 2 4 777 333 444 1
2 888 1 666 8 111 7 444 44 333 22 33 55 55 99 55 222 88 333 888 333 555 88 44 55 222 11 444 2 222
6 3 2 2 444 7 333 88 2 666 77 2 777 22 333 111 4 444 66 1 888 9 22 666 88 888 555 44 888 888 666 2
222 4 4 888 555 222 1 33 1 44 222 222 22 222 444 77 111 9 666 5 77 3 333 777 1 111 33 11 888 77 333
55 444 111 22 111 55 55 44 1 5 9 222 77 777 2 666 77 333 7 55 2 88 5 555 6 4 333 88 222 44 9 9 9 1
1 2 3 88 222 888 55 4 1 444 3 111 11 33 222 2 11 1 4 44 5 88 88 44 8 77 444 5 55 3 888 55 6 444 7
8 444 8 5 6 7 55 4 6 88 44 222 11 1 22 5 444 33 555 99 222 666 9 77 9 66 666 66 22 9 7 6 777 99 77
55 11 5 555 33 5 22 77 66 8 77 6 777 33 88 8 222 22 77 6 9 6 777 666 5 66 4 333 444 111 5 888 11 11
9 444 22 444 8 2 22 77 666 33 66 888 8 111 777 66 222 3 2 3 99 9 8 66 3 55 9 4 99 22 77 99 1 7 55
666 555 6 222 55 3 555 5 99 2 1 2 222 444 222 555 666 111 22 5 111 6 6 8 11 11 99 77 888 1 777 1
333 11 1 88 88 4 9 666 555 9 3 555 99 9 444 55 11 222 44 9 111 777 6 3 2 111 88 7 88 33 555 55 44
55 333 666 66 33 555 55 444 88 555 7 88 77 11 666 55 666 666 5 2 333 3 66 6 99 99 3 4 77 1 888 444
5 555 777 1 888 22 1 555 333 3 555 2 111 5 77 2 9 111 3 4 777 2 77 88 44 1 4 111 7 99 44 111 88 888
4 88 7 7 1 666 666 77 7 1 555 444 4 99 44 6 888 99 333 8 5 6 9 22 55 22 111 11 22 1 33 333 66 7 4 6
111 7 2 555 5 77 666 7 66 55 111 111 99 99 1 3 666 3 9 6 66 22 33 99 777 777 88 88 9 111 88 99 2
666 88 444 4 99 55 2 44 2 3 222 88 99 444 99 222 9 9 44 2 88 99 2 22 2 555 44 333 2 777 55 9 333 5
55 44 11 2 11 1 66 99 7 55 4 88 555 44 555 44 11 5 6 222 7 77 4 4 444 444 333 33 6 4 7 9 5 2 11 1 8
5 66 333 222 1 9 7 6 9 44 888 777 444 333 66 77 555 888 9 4 9 8 99 8 111 11 77 55 666 44 22 44 9
9 33 6 4 333 11 222 8 9 2 33 3 88 3 22 888 666 333 99 5 888 99 7 2 8 333 44 2 77 555 1 4 4 11 666
9 33 2 1 777 3 7 7 99 11 3 7 88 77 111 5 1 5 666 444 9 6 111 444 777 555 333 9 777 6 4 444 8 555 9
33 111 99 2 555 99 44 2 4 99 6 66 7 3 99 555 9 11 777 4 8 55 444 77 8 22 888 1 8 1 22 7 7 9 22 33 3
11 666 888 88 9 1 444 5 33 99 9 88 11 3 77 66 7 55 111 8 222 1 3 3 11 5 33 222 2 22 55 9 333 99 333
88 55 44 666 1 4 777 55 11 8 333 77 3 7 9 55 111 77 55 44 2 55 222 888 77 9 33 77 77 2 11 99 777 66
1 666 11 6 11 99 222 4 5 4 77 11 88 4 8 666 33 555 444 11 33 11 99 88 33 44 11 111 11 22 88 99 666
22 666 7 66 111 55 555 99 666 99 1 888 44 77 111 99 22 22 5 2 444 888 9 11 11 9 5 9 33 22 222 6 5
666 222 777 2 22 4 88 222 22 11 666 666 99 2 6 9 6 222 33 9 55 55 333 77 9 44 8 777 44 3 44 99 777
4 8 1 444 777 99 7 555 777 333 111 5 3 55 777 4 1 99 44 8 555 66 99 444 77 4 1 8 99 4 777 44 777 44
777 8 77 7 4 11 8 444 777 6 555 555 111 9 2 666 111 8 66 11 88 333 555 8 5 8 88 66 99 22 4 777 99
77 9 555 888 777 111 111 44 22 9 88 555 3 44 222 888 9 8 333 33 888 444 7 66 666 333 7 5 4 22 55 99
33 333 77 555 444 66 2 888 111 5 66 11 88 777 5 22 444 222 66 4 666 1 11 9 555 77 33 99 77 888 22
77 666 33 2 9 9 2 55 444 77 8 1 555 5 666 3 88 3 5 222 11 99 3 8 222 333 111 333 6 5 333 7 55 77 5
7 88 555 777 444 1 8 44 2 111 888 99 888 4 22 22 1 66 99 555 666 1 7 11 99 88 1 88 222 44 9 2 99
5 33 44 22 444 222 777 99 88 33 111 4 777 5 1 7 888 888 3 77 9 2 888 8 222 88 222 77 1 4 55 44 77 8
55 444 111 22 55 777 6 555 3 9 2 88 333 9 33 3 333 111 8 22 3 777 2 77 99 111 8 99 6 2 88 444 8 99
99 9 333 33 5 5 2 99 222 222 666 8 44 555 33 444 5 99 111 88 333 66 222 333 6 44 222 888 11 55 6
22 8 9 6 777 11 33 8 22 99 888 9 444 8 55 222 666 888 666 44 8 111 5 9 5 99 1 99 777 444 7 777 99 6
555 666 77 77 6 88 66 77 222 555 88 77 44 666 555 555 11 5 66 4 777 2 777 55 5 22 77 111 333 6 3
333 5 9 8 444 888 6 9 111 888 555 111 55 88 111 333 7 33 77 11 7 5 66 777 4 88 333 2 77 11 9 99 8
7 555 66 111 66 55 99 111 9 3 99 111 444 555 666 44 66 77 444 7 66 777 6 33 111 222 33 9 44 555 5
88 6 22 4 4 5 8 9 9 555 3 66 11 333 22 9 99 777 33 66 2 555 3 9 4 6 666 1 2 111 222 22 2 7 22 11 5
99 222 4 555 44 666 9 2 5 55 6 666 44 222 88 77 666 666 2 8 444 7 7 888 2 22 5 333 444 333 66 44 7
6 6 55 99 3 9 66 88 5 111 111 77 5 333 555 2 2 66 77 6 33 9 6 2 66 666 77 6 7 5 444 4 11 111 22 99
55 333 5 33 11 111 77 33 44 333 55 8 11 333 44 44 55 55 22 4 3 555 9 111 77 11 11 33 555 88 33 99
444 9 55 666 555 44 5 77 3 222 222 6 11 888 777 111 3 8 4 777 777 8 9 666 9 99 99 666 111 888 6 88
88 8 3 11 1 333 9 111 888 666 777 22 44 77 111 22 666 5 555 333 66 99 5 111 1 8 55 55 1 66 11 77 8
66 99 111 4 66 1 3 7 1 444 22 8 5 99 1 99 333 5 444 888 777 77 66 77 6 777 222 6 333 2 666 333 8 2
5 777 333 33 333 44 555 7 888 33 222 2 111 2 111 99 77 33 111 555 5 2 88 444 88 111 4 66 66 777 111
555 222 88 888 111 77 22 11 44 22 66 99 4 111 55 222 7 444 11 44 88 44 111 22 11 777 1 99 55 88 222
888 555 6 777 4 111 555 33 5 77 99 666 7 888 888 55 2 6 666 333 9 66 333 7 666 333 888 77 555 222
111 2 5 5 66 666 6 444 4 3 888 111 77 7 888 33 55 7 6 9 33 4 2 88 6 99 99 6 77 666 1 7 11 77 888 5
666 666 777 444 22 666 444 555 88 3 555 222 9 88 6 44 5 111 77 99 555 555 33 444 333 3 444 7 777
888 2 888 55 4 8 8 33 22 333 222 555 444 888 11 4 11 2 111 666 11 6 4 55 333 22 666 888 666 44 9
4 99 2 8 8 7 1 33 777 555 22 7 2 666 22 2 6 44 666 44 3 9 8 66 555 99 2 88 5 11 9 222 7 6 4 7 555
444 33 3 5 1 33 111 6 222 55 33 11 555 9 5 55 6 777 666 9 555 55 333 2 44 3 888 5 6 7 55 444 6 333
888 44 7 9 333 777 9 4 9 3 55 777 55 6 1 8 6 22 55 99 7 3 44 444 55 6 4 666 33 5 88 777 222 555 666
9 1 44 666 1 7 2 99 666 66 44 9 77 777 44 7 888 888 9 1 2 111 22 1 222 88 22 77 55 111 55 555 44 6
2 6 777 2 6 7 333 8 99 111 555 888 444 33 11 66 44 222 99 77 33 88 55 44 4 44 7 6 333 4 1 1 22 2 88
9 6 1 99 88 4 111 666 9 6 444 55 8 555 111 4 888 66 3 222 33 222 333 111 444 4 33 555 55 2 333 5 99
5 2 9 111 5 888 111 6 88 44 666 44 44 4 666 44 8 99 555 88 888 888 1 3 666 6 6 9 111 3 444 99 1 9
222 777 8 88 55 3 6 9 88 333 222 44 333 99 555 888 777 666 555 777 33 33 1 888 444 2 444 77 777 88
99 22 11 99 2 1 666 55 33 3 99 111 888 6 8 4 2 55 444 4 8 7 222 666 22 7 4 77 222 6 3 55 55 77 666
555 1 55 9 666 666 5 777 33 99 5 3 66 333 11 44 222 1 777 88 333 4 55 333 55 11 888 88 77 6 99 555
333 77 3 888 666 77 555 111 9 66 2 11 888 88 8 777 555 66 2 33 55 33 555 666 11 2 99 111 777 8 666
99 3 222 666 4 5 5 22 4 555 7 5 9 1 55 9 444 777 8 66 9 8 55 111 77 55 99 2 8 222 99 222 333 4 99
777 888 555 55 99 8 111 7 777 444 8 777 222 44 77 8 5 888 444 33 11 8 2 555 444 666 1 5 33 11 222
666 333 33 2 4 222 5 111 9 666 1 3 555 22 444 11 66 222 333 88 88 111 777 99 4 55 777 444 7 99 8
777 77 111 3 666 44 6 1 777 9 888 5 8 55 55 33 66 4 666 88 5 9 222 7 33 7 88 444 333 333 22 11 9 99
7 3 11 4 33 2 4 222 33 5 1 55 666 1 222 8 222 44 8 4 777 33 77 11 4 2 3 5 99 99 333 111 33 3 666 8
8 11 1 2 55 4 888 1 66 33 66 22 9 88 6 888 44 66 4 2 3 444 2 8 3 2 44 99 66 3 77 9 444 2 33 5 9 333
444 55 99 9 6 2 444 888 99 111 55 333 44 555 44 3 3 99 4 6 6 666 1 66 888 3 333 333 2 44 5 22 5 7
666 88 11 99 444 66 777 4 8 7 4 33 888 8 666 99 666 6 333 44 888 7 444 22 222 333 555 55 33 33 88
3 88 9 55 6 888 88 66 22 777 444 5 9 222 77 9 6 3 7 888 33 222 777 333 666 11 66 111 88 66 222 33 7
3 33 3 1 66 99 111 5 88 8 888 22 33 8 777 3 99 444 99 9 99 6 3 777 222 3 11 55 55 33 3 6 333 555 11
3 444 333 9 44 55 4 44 222 77 99 7 333 22 77 2 6 88 666 3 666 33 9 8 77 2 6 5 11 77 8 9 44 111 77
44 66 88 99 66 22 666 99 55 1 6 222 66 666 11 8 5 55 11 44 1 11 99 99 88 99 99 4 55 99 2 888 66 44
777 333 88 22 666 2 44 55 1 77 9 333 111 99 22 99 5 666 4 22 33 77 2 55 666 33 777 222 444 222 33 9
4 2 11 44 222 5 7 11 888 222 88 9 44 222 44 2 7 444 22 22 9 11 11 9 77 8 6 333 2 33 33 88 66 66 222
555 6 4 4 3 2 33 9 77 777 33 8 66 9 6 88 888 33 111 888 444 44 444 11 9 44 7 4 88 8 8 2 1 11 4 555
1 333 111 7 22 111 33 222 222 777 44 111 99 333 8 33 55 66 3 44 111 8 99 333 44 3 3 33 111 33 11 1
22 77 66 777 2 7 22 11 55 1 1 44 88 88 66 88 2 99 8 11 555 666 9 111 2 66 1 444 33 66 9 2 55 777
777 222 222 4 11 77 9 7 222 1 6 3 9 8 9 99 33 11 333 88 55 666 11 11 5 88 777 7 4 4 7 777 11 5 1 3
77 333 5 55 7 88 444 444 8 9 222 99 44 7 777 9 55 4 222 111 4 22 333 6 333 7 88 33 66 33 5 33 66 44
111 55 222 22 333 333 6 777 99 4 444 77 1 22 11 99 888 99 44 44 33 777 99 777 9 222 44 888 777 111
99 88 99 77 666 6 88 666 444 99 555 444 77 222 777 7 9 22 88 7 555 99 555 7 3 222 9 44 8 22 3 6 88
55 22 88 333 7 4 4 9 4 3 66 7 88 222 33 2 66 9 555 55 7 88 111 44 555 222 888 111 11 88 66 22 9 9
3 66 2 4 666 6 4 777 666 666 55 44 555 777 33 55 77 666 6 222 9 6 33 888 99 9 444 9 777 2 77 1 6 33
4 4 22 2 4 2 777 444 55 777 55 88 99 222 22 9 22 66 444 9 666 33 6 33 99 11 77 44 66 1 888 888 888
77 555 2 8 888 99 9 2 1 222 444 333 7 777 33 4 444 44 8 88 333 2 44 1 111 4 666 444 888 7 88 88 88
8 666 8 9 3 22 2 444 66 888 555 444 555 77 77 22 11 111 3 333 2 3 9 55 66 6 111 11 9 1 555 555 888
66 99 77 99 11 22 11 3 111 888 77 77 7 222 555 444 4 4 11 7 2 1 1 2 444 55 2 44 44 8 4 66 33 666 22
8 6 88 55 333 77 55 7 333 3 1 99 7 7 444 777 333 22 111 22 1 66 33 8 666 111 7 333 3 111 5 8 444 5
111 77 333 77 44 6 444 2 777 111 777 1 222 3 111 11 5 666 3 55 7 33 8 99 777 9 66 6 8 3 777 11 77
4 77 6 4 888 2 333 333 333 22 99 111 77 11 444 777 3 888 111 8 5 8 99 888 9 4 222 88 222 666 99 66
222 7 6 99 555 111 7 9 44 11 66 66 6 777 6 2 444 555 44 222 55 444 111 33 8 333 1 555 66 666 22 1
8 777 99 33 5 2 8 77 66 77 11 9 1 444 7 9 666 33 7 4 7 66 66 1 77 11 33 22 6 888 77 22 88 44 666 3
555 8 2 77 88 9 888 333 555 7 44 6 66 44 777 77 22 666 222 222 7 2 77 9 44 4 55 5 9 22 4 4 3 555 77
222 333 111 11 4 2 444 11 8 88 44 88 77 9 77 8 888 99 99 444 888 555 66 7 99 88 222 444 8 11 3 666
222 55 5 4 5 22 22 222 222 2 99 99 2 99 3 33 44 888 88 333 22 55 111 7 3 55 555 77 888 222 666 444
7 55 9 1 55 111 22 777 5 99 44 111 2 9 7 44 77 99 7 7 77 5 99 77 9 777 3 22 77 77 22 6 222 8 9 555
333 666 77 33 111 99 99 6 11 55 4 222 111 444 55 666 2 777 44 88 11 6 44 99 333 777 6 77 11 6 9 555
111 2 777 6 33 666 9 444 1 6 8 222 7 555 5 22 77 9 2 5 88 6 55 666 888 3 3 4 44 66 222 4 99 666 2
5 666 333 7 77 88 444 22 8 777 5 777 99 22 222 66 44 77 2 66 9 6 555 44 6 6 888 44 333 7 6 555 7 22
6 888 222 111 8 1 555 8 4 666 333 5 555 222 2 8 888 2 555 6 444 44 22 22 4 666 5 7 333 4 7 4 44 444
4 4 111 222 2 8 777 444 666 33 77 5 222 555 5 88 99 6 44 44 888 111 77 3 333 8 2 666 333 66 8 7 7
55 22 33 666 1 111 11 888 888 444 444 4 33 88 7 8 5 22 8 3 44 6 99 44 88 8 99 888 4 222 11 888 3
1 222 22 2 888 33 44 6 333 8 444 44 3 66 1 2 6 888 8 8 555 99 777 44 777 666 22 2 333 333 2 3 5 7
222 77 333 66 2 1 33 4 66 88 11 22 77 55 88 2 11 777 7 8 444 99 777 6 88 555 2 5 333 99 66 222 6
4 99 44 33 333 66 555 444 3 4 66 77 1 33 55 111 33 5 6 55 888 6 444 888 3 555 111 77 555 4 1 55 8
88 222 7 11 55 44 33 33 8 2 77 55 444 7 88 11 22 88 88 4 22 9 8 99 99 11 666 9 88 1 77 1 22 333 44
333 66 666 333 3 66 33 3 4 66 6 777 8 8 22 2 4 22 5 8 5 111 666 7 333 888 777 8 88 4 777 666 7 9 7
444 7 6 555 111 99 444 555 777 111 9 11 22 88 55 1 111 88 11 888 22 666 2 7 44 3 9 555 9 222 5 22 9
222 1 5 2 888 333 4 88 111 5 3 3 44 777 4 9 222 111 222 2 99 11 8 777 9 2 8 8 3 888 4 33 9 9 666 9
4 44 6 888 77 777 22 111 9 88 66 11 66 99 11 444 55 1 77 88 6 3 6 55 88 444 9 77 333 5 888 6 444 33
9 555 11 66 55 11 555 88 5 9 11 888 99 3 555 33 111 777 555 777 33 44 3 33 55 33 99 111 3 3 5 9 7 2
333 666 555 222 1 9 99 99 11 11 44 8 888 1 777 1 222 9 55 3 3 8 222 333 44 111 444 555 33 5 9 666
11 22 111 555 9 4 9 2 7 66 666 444 222 3 222 44 99 55 444 77 4 8 777 99 555 9 66 11 88 22 8 7 4 333
8 4 3 5 9 99 777 44 111 44 99 5 8 888 2 555 5 88 666 3 222 6 2 222 9 3 1 33 7 77 888 777 7 11 5 777
3 666 8 6 555 99 2 777 77 111 7 88 99 5 44 11 333 77 22 33 33 6 3 9 1 1 99 777 222 22 111 77 33 77
5 222 333 11 11 3 7 1 9 777 8 777 2 333 11 11 1 8 77 88 55 555 8 11 111 1 33 444 555 6 222 3 222 22
99 88 3 777 111 888 7 7 2 222 8 666 88 99 333 666 66 33 111 99 8 3 222 99 99 6 555 777 6 3 11 44 44
9 666 55 88 7 2 9 888 222 777 5 111 88 88 8 333 44 99 888 222 8 55 7 9 77 55 44 777 1 6 444 8 555
444 66 333 444 8 1 9 5 99 99 666 44 2 9 33 1 88 77 66 222 666 7 99 777 66 4 555 222 7 3 2 55 7 44
99 111 222 5 8 9 555 1 5 11 222 77 11 7 55 8 666 4 4 9 88 9 6 88 4 88 11 33 3 66 6 22 6 22 77 11 9
11 555 888 222 8 6 33 1 9 111 8 9 55 11 666 44 33 8 555 7 777 11 7 9 2 6 555 555 888 4 111 222 555
9 222 7 888 4 3 5 666 99 11 888 7 66 2 44 99 555 2 6 555 22 44 1 88 2 444 8 22 6 33 222 55 222 99
22 2 666 5 88 888 2 111 22 111 9 777 22 222 3 66 7 3 33 7 44 222 9 55 8 6 222 111 4 77 99 666 9 9 7
777 444 6 333 99 333 888 99 2 7 22 222 3 88 99 9 66 99 9 6 9 5 8 111 9 9 77 11 55 55 99 555 99 777
88 55 7 9 88 222 9 11 99 555 77 444 777 222 22 77 5 7 55 666 4 99 888 88 777 888 55 6 11 5 9 444 77
3 9 44 1 111 77 22 99 333 99 4 1 55 222 666 33 1 6 55 888 44 77 66 77 777 8 3 444 2 5 99 33 22 5
4 55 7 555 66 33 11 77 9 77 11 333 77 555 22 77 22 1 444 33 55 333 22 7 333 1 3 555 22 88 9 88 222
4 111 9 3 88 22 22 88 5 5 222 6 8 66 1 3 4 44 888 333 44 99 33 444 77 77 44 111 44 333 222 77 555 4
1 333 333 333 444 99 88 2 111 5 77 777 222 555 55 3 7 77 2 888 777 333 3 9 5 2 555 888 777 77 99 8
99 3 7 333 8 33 55 77 99 3 5 66 9 333 3 777 88 1 222 99 11 222 22 4 2 77 5 3 777 88 8 55 3 9 11 333
9 44 2 44 9 8 6 5 33 1 9 4 666 444 66 555 99 222 9 9 88 33 333 44 99 666 555 55 33 555 7 3 444 888
77 44 88 22 22 333 44 888 666 33 6 9 666 777 11 888 2 333 99 22 99 1 11 9 11 11 33 44 22 9 222 2
4 77 4 3 5 7 1 44 9 555 666 66 2 77 222 33 555 22 4 9 4 222 66 22 888 6 9 66 5 2 22 333 4 555 9 888
3 55 88 666 111 4 88 9 88 888 88 22 44 11 1 88 222 1 99 777 666 9 9 1 44 5 777 88 2 33 222 1 8 55
66 444 99 6 8 222 555 8 66 66 111 3 1 11 222 88 333 11 111 777 555 1 8 44 22 7 22 7 33 99 44 777
8 77 55 1 555 222 99 4 7 55 8 55 1 2 33 4 2 99 55 9 66 66 2 1 55 6 666 555 88 22 66 9 44 77 888 66
11 66 3 55 4 1 88 555 444 3 555 666 33 222 77 7 111 1 88 99 9 44 44 99 66 77 7 222 55 1 4 44 444 1
66 9 99 777 666 555 555 2 77 5 1 1 11 55 5 5 3 111 2 777 1 44 3 4 44 44 777 4 77 66 3 3 6 99 888
9 777 666 11 444 444 88 6 44 8 777 5 9 88 1 99 99 555 99 3 11 3 99 9 555 22 33 11 777 3 1 222 555
333 777 88 3 9 333 88 77 777 22 9 666 3 66 7 4 444 3 33 8 8 1 111 888 55 4 44 22 4 88 8 111 666 11
11 55 33 222 9 55 3 7 99 7 6 8 1 1 44 9 777 222 9 2 444 55 33 11 4 555 99 5 9 111 4 33 22 111 99
222 33 1 44 8 55 44 333 3 2 33 9 111 222 555 44 66 1 9 333 444 444 3 7 11 333 3 5 666 777 666 22 88
77 888 55 5 9 9 5 77 66 444 5 4 777 5 2 7 55 444 333 9 2 77 99 22 99 777 4 888 888 4 66 66 1 77 444
777 11 88 3 11 666 44 8 22 888 77 666 2 555 7 444 77 9 77 77 8 6 66 8 3 333 888 8 4 9 55 9 9 666 4
22 4 7 888 222 6 22 9 55 3 7 55 44 111 33 55 55 6 99 6 77 888 111 777 55 666 3 88 11 8 22 9 22 11
4 99 66 6 22 6 3 666 66 555 222 55 22 8 7 99 777 9 3 222 22 11 9 888 44 99 2 88 88 9 77 77 333 2 4
22 99 2 555 8 33 666 666 888 55 6 1 7 88 4 222 888 444 3 8 555 555 1 77 11 4 99 777 33 99 55 666 99
55 777 77 222 33 111 9 5 222 99 9 9 1 44 44 444 11 888 66 22 1 777 11 22 8 11 111 333 44 33 777 55
22 33 3 77 99 222 333 222 555 44 99 44 9 99 9 1 666 1 888 333 55 555 2 111 11 888 777 6 888 333 8
888 666 222 4 4 33 555 55 222 88 99 99 9 6 6 2 33 2 44 444 555 555 666 666 4 66 11 222 1 66 7 77 55
44 666 7 111 66 1 77 55 22 666 11 2 777 99 9 44 7 7 99 111 22 333 8 66 222 66 5 111 888 33 5 222 1
444 222 99 55 111 888 3 222 333 11 777 666 111 55 11 777 777 88 555 3 11 444 9 9 5 9 77 22 22 5 88
5 6 4 666 4 4 1 77 44 555 99 5 777 44 66 1 88 2 222 333 55 666 22 1 88 44 888 333 3 55 1 888 66 777
888 9 77 666 111 555 444 8 8 88 44 99 4 2 333 99 99 2 3 55 11 888 3 88 888 111 22 44 777 11 7 77 5
555 11 99 3 99 11 66 222 333 11 777 6 8 666 222 99 7 33 6 88 9 11 9 3 2 9 3 44 99 2 11 333 22 4 99
7 3 44 222 1 3 333 99 444 22 44 4 2 22 2 5 11 44 222 5 55 66 555 99 888 888 2 222 99 33 777 55 33 9
66 5 444 5 9 44 777 77 7 44 555 444 555 33 888 88 666 888 4 88 9 1 777 3 3 88 111 44 444 9 9 444 9
55 6 111 11 99 11 333 6 55 99 2 555 8 777 44 7 33 2 55 99 55 66 222 444 444 4 444 11 8 111 444 99
88 3 88 444 6 222 111 6 88 777 99 9 111 44 55 777 777 55 555 888 6 11 8 888 1 3 7 666 22 6 9 77 6 7
99 11 3 55 99 666 88 55 4 6 11 9 66 22 2 55 888 99 888 88 111 22 4 88 666 5 7 4 3 111 9 222 666 222
66 111 99 777 444 1 22 777 4 33 666 666 111 9 222 9 9 444 44 5 333 11 3 66 666 55 666 555 77 55 5
555 555 55 77 4 777 222 7 99 55 666 77 99 77 8 222 9 55 5 1 3 8 22 2 9 666 9 444 3 777 33 777 9 2
88 66 55 99 444 7 555 111 666 2 5 33 444 4 99 5 6 666 444 222 666 66 33 99 99 333 5 9 33 222 3 4 9
222 4 7 444 88 66 66 88 22 99 7 9 99 99 33 1 88 33 1 11 88 333 5 888 66 3 1 888 33 5 3 5 44 66 1 9
6 4 11 77 666 5 1 88 1 11 7 44 99 77 4 555 55 7 66 11 2 9 9 666 7 6 5 88 111 9 666 444 11 22 11 99
88 8 99 111 5 9 777 55 5 77 9 555 333 11 444 9 7 3 8 88 8 44 9 99 33 222 888 3 33 7 111 222 33 44
44 3 4 77 6 444 5 55 1 5 333 44 1 222 11 3 22 8 666 6 7 44 99 77 9 33 555 9 99 7 2 333 8 888 111 44
6 22 88 6 444 666 777 666 5 8 11 555 4 5 4 22 55 2 333 66 22 333 1 5 33 55 888 222 5 777 555 8 444
33 333 22 222 55 2 4 99 22 99 777 11 777 55 44 666 888 88 55 99 3 3 1 333 5 3 44 44 222 7 7 4 44 7
1 44 33 11 222 1 66 6 66 888 44 3 55 2 555 33 88 6 888 555 5 44 3 5 333 444 666 8 5 11 6 444 22 9
7 444 1 99 99 444 2 888 1 555 11 77 77 777 666 44 8 555 22 777 333 44 55 2 9 22 9 555 555 11 111 99
44 777 333 111 88 11 66 555 666 5 333 9 8 1 6 888 555 11 55 666 777 555 5 55 99 111 88 777 333 99 7
8 444 3 222 8 77 55 88 6 9 11 22 6 777 888 1 9 99 8 777 99 99 44 111 4 7 777 33 2 44 33 22 555 11
55 3 8 44 66 111 777 555 555 222 88 8 2 99 99 7 66 1 666 333 555 3 222 55 888 5 222 555 11 888 22 3
88 55 7 77 44 888 4 66 66 55 44 2 666 333 7 444 44 666 9 333 4 111 777 22 55 9 7 44 555 888 9 666 8
555 55 2 222 11 111 11 555 444 11 77 9 777 4 7 7 2 7 88 88 222 22 55 222 11 8 5 22 88 22 444 66 444
5 222 44 666 111 777 777 888 8 88 44 2 99 99 11 6 1 888 77 555 111 777 8 3 444 444 3 2 55 9 111 8 2
11 9 2 99 33 88 5 55 444 8 666 99 9 22 7 2 2 11 99 8 33 6 5 6 11 222 11 5 8 6 55 222 22 9 111 3 6 7
22 444 66 66 3 333 222 9 77 3 33 777 666 3 11 55 2 7 99 777 9 99 444 9 88 33 8 111 11 222 1 1 6 66
5 2 777 777 3 666 888 5 8 7 222 77 666 44 88 222 4 44 888 88 7 777 5 3 66 9 7 6 555 9 777 444 9 33
22 9 11 4 333 99 333 111 77 3 5 88 44 9 77 666 66 11 888 77 2 222 99 333 444 33 888 33 444 11 666 9
1 33 66 444 22 666 6 44 111 777 9 3 88 1 9 222 333 5 666 7 666 99 2 8 2 6 333 666 888 88 444 333
6 333 1 1 9 888 99 88 5 44 77 444 1 44 3 888 33 99 111 555 6 777 222 222 111 66 333 33 666 11 8 88
666 7 55 9 555 9 11 99 777 888 3 8 8 8 44 8 33 11 99 555 55 666 66 9 99 22 22 44 6 9 55 11 111 88 9
1 99 6 22 8 99 333 9 88 333 99 888 8 9 777 99 99 99 222 66 555 4 222 66 9 444 666 33 8 7 11 66 2
6 5 22 99 222 33 88 2 11 55 77 55 777 77 66 4 4 111 3 333 11 44 55 1 77 3 2 888 1 555 9 11 4 9 11
9 88 5 77 7 88 3 9 555 333 666 6 7 99 333 777 33 444 9 77 5 111 77 444 1 5 333 44 555 33 33 555 6 4
2 2 111 222 55 888 222 99 777 11 33 2 777 111 777 77 33 55 5 555 111 1 44 9 33 88 66 3 7 4 99 888
44 33 3 3 2 9 5 444 7 222 4 9 7 5 444 22 88 66 888 111 1 4 66 88 44 22 2 5 8 99 6 22 3 5 444 1 66 5
55 22 2 6 22 444 222 5 666 666 77 777 888 11 44 666 77 6 33 22 888 333 666 22 444 555 5 555 55 333
111 4 6 9 111 33 33 88 6 333 555 11 111 555 111 333 888 7 555 6 99 44 88 666 99 88 8 11 55 88 111
111 888 9 44 7 6 666 55 7 2 6 8 6 4 888 9 11 2 99 777 88 4 22 8 9 2 33 9 4 6 9 99 33 222 8 4 444 2
88 5 111 222 6 888 555 111 222 222 777 7 2 1 99 9 44 1 111 4 333 666 99 777 777 6 666 111 777 55 44
99 2 888 66 3 888 3 9 3 2 888 1 2 1 3 55 66 99 7 6 22 5 8 777 8 555 55 8 4 2 6 99 8 44 33 1 4 3 66
11 99 99 8 333 2 3 11 66 88 666 1 11 444 5 11 555 33 777 7 888 9 777 555 111 6 1 55 888 99 444 77 9
333 222 11 888 5 44 4 7 44 88 66 77 555 444 7 99 44 66 5 1 44 22 55 22 3 99 9 99 111 1 22 9 2 44 6
8 9 99 8 666 22 66 55 666 666 9 44 3 222 222 4 4 555 7 4 66 22 5 1 222 666 6 33 9 1 777 444 777 11
7 55 777 88 2 1 66 5 5 555 777 77 6 77 8 4 22 22 8 333 444 1 9 4 5 4 77 55 222 666 33 444 222 22
222 555 3 3 33 5 99 333 77 444 333 3 6 33 88 333 888 44 7 8 88 9 222 2 777 44 44 77 222 555 888 99
33 99 44 9 1 9 111 22 77 333 22 111 7 777 8 555 3 1 11 8 9 7 2 3 11 44 666 888 777 555 11 11 444 6
777 2 666 888 6 55 888 8 888 11 22 333 333 55 44 1 88 333 55 44 888 444 333 55 222 11 99 33 777 77
44 6 3 11 44 777 4 5 55 6 1 11 777 222 33 4 333 44 1 111 33 99 33 888 11 55 2 99 3 5 777 9 4 4 3 5
888 7 888 666 777 222 44 8 8 5 44 6 888 9 777 4 666 8 9 33 33 88 333 9 77 8 33 222 22 99 99 55 333
33 444 6 555 8 99 666 11 33 5 666 77 2 99 222 33 8 1 6 33 33 7 11 888 8 66 222 5 33 8 55 444 33 6
666 555 88 777 9 55 77 33 77 88 22 8 2 5 6 444 7 8 33 55 1 444 33 6 333 444 3 1 8 555 777 11 666 77
33 777 55 4 7 77 333 4 99 4 333 55 77 3 88 77 99 11 44 5 666 22 6 888 44 8 88 5 55 777 77 44 88 111
7 666 55 666 7 88 11 888 555 6 33 888 88 333 111 77 22 33 7 1 2 55 2 22 22 77 8 5 6 333 6 333 2 1 1
444 444 88 77 6 6 4 5 4 777 2 3 22 9 555 5 9 3 555 888 6 8 555 66 77 77 9 77 33 33 333 55 55 222 44
7 444 5 1 888 7 666 77 3 55 7 7 8 1 777 888 666 111 6 99 8 333 888 44 222 99 9 7 555 77 111 666 555
444 5 99 22 9 6 66 111 4 444 88 333 9 55 555 1 222 2 222 222 7 3 333 111 3 66 9 66 333 3 33 33 4 55
99 3 66 99 9 6 888 3 22 333 99 44 4 9 66 77 222 6 8 444 7 1 2 9 9 555 77 444 7 99 4 777 666 99 9
66 44 6 555 9 66 88 33 11 333 777 7 888 1 222 3 333 2 7 333 555 7 11 666 111 3 88 55 222 1 4 11 5
88 555 4 99 6 111 555 3 33 222 11 666 111 555 55 888 222 22 1 77 777 11 1 222 4 88 111 4 333 88 99
111 22 222 9 11 6 3 222 9 6 9 44 22 77 11 3 6 666 88 555 22 444 33 111 44 222 1 33 66 77 222 88 4
1 99 1 333 8 8 777 33 9 99 44 3 444 333 6 8 77 88 888 666 777 9 9 777 9 22 7 11 66 22 22 9 77 88 99
4 444 77 9 66 99 3 66 55 99 11 88 33 111 7 2 666 99 4 4 33 3 5 44 555 111 666 333 99 7 6 22 7 111
66 66 6 55 4 5 22 44 9 3 99 99 99 444 1 777 11 7 22 444 888 9 66 22 6 99 1 1 11 888 222 3 2 222 22
888 6 8 22 55 777 666 8 8 55 11 7 33 8 88 8 11 555 33 88 9 555 8 66 44 8 8 2 6 7 4 2 888 444 7 9 55
3 9 66 555 4 555 444 1 33 6 22 777 9 88 888 11 222 777 88 22 888 22 99 444 11 11 44 77 333 1 7 4 9
66 111 33 555 6 666 444 777 3 9 66 4 99 222 444 77 66 7 666 1 222 44 55 8 3 88 99 77 77 1 99 7 22 7
555 222 666 2 44 4 99 222 33 666 222 22 22 2 7 777 2 33 3 9 7 8 4 66 1 77 9 666 888 5 99 555 5 11 1
7 333 555 444 222 99 7 8 33 99 11 55 4 77 33 99 5 88 11 66 111 22 8 99 99 7 66 333 444 555 99 55 44
99 8 7 7 6 5 11 11 555 777 77 333 6 22 666 777 77 5 777 222 333 222 222 666 88 11 33 6 444 3 99 8 8
6 9 44 88 5 1 55 7 333 33 444 1 888 99 66 111 666 333 77 111 9 99 9 6 111 333 4 33 9 99 6 3 9 4 11
5 8 9 11 88 33 4 444 8 11 77 77 333 44 8 88 99 88 9 6 2 333 3 4 8 77 555 111 77 4 55 777 99 555 8
7 3 66 222 333 2 222 2 33 444 1 22 666 666 5 9 88 44 4 8 11 2 444 9 99 666 22 111 55 111 7 99 111 9
777 9 777 66 9 3 777 888 11 66 55 888 2 222 4 66 66 555 8 7 11 99 555 99 1 88 555 4 2 66 1 77 11 8
77 33 333 1 777 1 8 11 88 2 66 2 4 666 22 11 444 777 66 8 555 4 77 555 2 3 2 99 777 555 9 2 7 2 2 6
66 99 666 3 6 7 8 55 22 99 3 555 99 22 666 777 9 4 2 111 555 44 66 9 66 11 5 7 44 55 5 22 11 4 3 4
9 888 666 222 3 2 55 4 333 33 66 444 4 33 7 44 77 777 3 44 111 888 3 33 8 5 444 7 44 55 77 3 5 88 2
666 777 333 777 4 99 5 4 444 33 88 7 555 5 9 2 33 888 777 55 44 1 99 1 111 2 6 11 1 5 44 666 555
77 7 11 222 222 99 777 6 6 3 7 7 22 44 1 666 444 7 6 9 1 99 88 333 66 77 88 55 77 33 88 55 9 2 55 4
6 666 9 888 777 11 7 8 111 666 11 33 555 444 44 3 6 5 44 555 6 666 666 3 8 777 55 6 666 77 222 444
4 8 222 5 444 22 777 1 222 7 444 33 111 1 5 99 666 9 888 2 77 444 55 88 7 7 2 5 55 8 3 777 777 555
33 55 22 3 11 555 99 6 555 6 555 88 5 9 66 7 1 222 777 99 8 333 77 111 5 777 888 777 55 111 5 666
888 6 333 9 11 8 66 333 55 66 2 55 99 11 6 4 7 666 333 77 444 555 99 1 11 888 5 2 4 44 555 6 6 444
222 6 66 4 44 11 555 55 2 4 111 222 44 222 44 333 444 333 6 9 88 555 888 222 1 99 333 8 77 6 66 6 9
444 1 88 66 66 1 22 777 5 555 111 6 222 1 6 9 777 5 99 22 99 555 444 8 888 888 7 5 333 555 3 888 77
777 88 88 222 777 6 7 1 3 44 333 6 4 9 444 77 99 6 444 99 11 77 99 66 44 555 666 33 88 777 5 9 1 2
6 6 9 33 5 1 44 5 77 444 5 222 555 444 66 888 11 99 555 2 99 66 666 22 55 8 33 111 33 3 4 2 111 3 5
7 77 666 888 77 22 99 777 66 11 222 55 444 8 77 9 666 777 444 777 9 66 3 8 99 66 333 88 11 5 888 66
77 9 55 88 4 66 5 22 555 88 6 7 88 6 222 4 8 5 4 8 4 3 33 888 99 888 888 555 333 222 55 7 6 666 9
555 444 6 7 4 444 6 444 1 888 4 888 1 444 22 2 1 6 9 33 9 11 99 11 11 333 44 4 9 555 222 6 555 55
5 555 33 9 666 33 6 888 5 1 666 444 222 22 66 555 444 2 777 5 55 777 5 777 99 7 777 444 3 333 2 22
9 111 99 4 66 333 1 9 33 11 111 1 5 555 3 1 222 22 3 222 888 99 555 6 66 55 4 33 5 7 333 9 33 7 4
777 7 444 7 333 3 8 4 1 444 333 7 99 77 99 555 9 222 444 2 6 99 888 99 2 8 444 66 8 7 2 8 88 111 9
444 333 1 111 7 22 11 33 77 444 111 888 4 22 222 55 77 888 9 4 6 222 66 9 555 666 44 66 222 222 222
555 111 111 11 66 88 8 44 22 55 99 55 4 77 44 55 555 333 66 888 555 66 7 444 666 33 4 6 77 333 7 2
1 888 99 444 4 1 5 55 4 333 1 3 9 4 99 99 99 5 1 444 777 55 22 99 4 222 888 444 111 77 111 8 777 1
99 222 77 7 88 5 555 222 6 99 2 7 3 22 222 22 88 4 22 7 444 888 11 444 8 5 33 666 333 22 3 7 333
888 2 4 666 777 22 111 777 44 9 88 6 444 99 99 99 666 8 33 444 7 44 99 888 11 9 6 7 222 33 555 4
33 9 11 66 1 3 99 777 888 777 7 4 9 333 66 11 9 77 8 777 6 22 555 222 22 88 444 9 22 33 22 333 333
5 11 11 11 99 333 77 99 9 55 666 9 99 222 55 55 77 3 33 9 22 777 1 11 44 5 777 88 444 777 6 99 88 7
9 22 9 333 6 4 44 99 9 888 2 99 4 22 7 5 555 666 1 666 444 66 888 4 55 99 55 333 3 5 9 99 33 5 33
7 22 4 555 77 33 55 6 666 1 11 2 888 5 888 3 777 99 888 11 6 77 3 88 99 8 555 2 8 666 9 222 222 2
33 333 333 111 444 777 33 888 555 66 444 4 1 777 6 4 11 8 44 2 22 5 66 66 22 9 555 77 3 222 111 888
6 444 88 33 9 666 9 222 777 1 444 888 7 222 333 44 55 4 99 5 99 77 55 222 6 7 444 8 6 4 2 7 44 6
1 77 666 9 3 666 777 33 5 55 1 777 33 9 5 333 22 222 333 88 444 11 222 111 88 99 3 555 888 2 6 888
555 777 888 4 6 7 77 11 44 5 666 9 777 333 99 555 22 777 888 111 5 222 1 444 55 6 4 222 222 444 444
333 3 111 444 88 9 22 5 444 88 99 9 8 333 11 33 3 888 777 111 6 2 88 44 88 666 88 222 777 1 66 555
888 7 9 4 22 7 9 5 9 6 1 3 888 5 8 88 333 777 1 9 222 44 99 9 3 44 33 77 888 444 3 88 111 77 444 22
66 33 222 1 6 888 7 7 111 888 888 22 555 555 3 9 3 333 666 666 777 44 4 333 888 7 7 55 1 11 77 99 4
222 666 333 88 33 77 11 1 9 22 44 7 7 8 222 222 7 222 666 222 333 9 777 444 333 3 99 444 7 2 5 222
111 666 33 666 99 22 11 555 33 7 99 9 5 7 777 99 8 1 66 7 2 111 11 99 8 888 44 5 222 4 7 333 9 666
99 888 77 888 6 5 333 888 666 22 9 222 3 44 555 8 777 111 99 222 888 666 22 55 2 777 1 33 9 22 888
222 4 99 3 2 88 888 2 55 4 6 55 88 66 99 22 111 11 7 666 22 111 777 8 3 6 9 9 5 3 7 11 5 5 6 1 7
77 444 22 66 55 3 222 4 888 2 777 666 44 7 55 111 77 222 4 55 777 6 33 2 1 666 66 222 1 2 11 77 5 9
1 33 77 6 66 8 5 33 99 1 4 9 9 444 66 4 333 2 9 888 99 2 777 9 66 111 3 66 22 888 222 3 666 777 555
7 111 8 77 8 33 11 77 666 66 5 88 8 55 22 7 2 1 11 3 5 9 22 3 3 777 444 3 111 99 555 8 111 33 33 33
5 8 777 9 44 888 333 55 55 44 9 1 9 9 111 5 4 9 888 555 66 55 77 1 6 555 222 2 2 7 55 777 666 33 66
44 9 44 22 666 111 333 77 5 888 99 555 44 333 4 222 5 22 4 555 8 666 888 444 55 6 7 444 9 33 888 4
9 9 33 666 777 222 222 444 3 22 666 555 222 44 22 111 8 88 666 6 66 99 22 99 44 66 8 66 8 88 11 1 1
2 222 9 1 88 66 66 11 1 111 7 2 9 4 333 777 888 3 88 8 1 555 666 99 88 666 555 8 33 11 5 5 99 222 9
444 222 55 66 44 888 2 11 555 777 666 1 1 4 5 4 99 99 777 888 66 777 555 888 8 111 1 99 777 222 555
9 444 6 55 44 6 9 888 8 44 9 2 5 777 99 77 22 4 44 88 8 44 333 6 11 33 666 444 9 555 7 8 666 44 22
22 222 4 44 666 5 22 7 1 2 77 22 777 333 88 777 88 66 6 777 77 99 444 44 2 22 6 66 1 1 2 1 11 2 2
1 666 66 55 111 2 5 8 99 1 111 333 7 888 44 22 555 777 333 444 99 888 666 99 55 9 77 888 99 5 4 9 9
333 77 55 77 555 9 777 44 7 11 555 5 55 55 8 1 888 33 22 666 8 77 111 33 111 77 11 9 9 444 44 22 2
44 555 2 55 11 88 333 33 2 1 88 77 1 9 99 9 1 666 88 8 3 666 555 222 444 44 6 3 11 1 55 9 4 22 888
11 9 55 1 5 666 44 6 777 11 22 4 444 3 333 111 44 444 222 88 666 222 111 55 777 888 2 6 11 444 666
11 888 4 7 777 555 4 99 88 888 333 88 2 2 8 77 99 2 33 33 77 44 9 666 888 7 33 111 888 66 99 222
444 99 222 6 8 4 88 55 55 22 44 66 7 33 99 3 11 3 333 4 33 9 222 88 555 666 333 2 22 99 5 5 3 555
22 9 9 99 3 7 5 444 33 9 777 111 3 2 11 4 3 222 111 7 4 88 1 88 77 7 3 44 22 111 444 8 111 22 4 5
777 66 222 11 5 11 44 888 11 77 88 4 444 6 888 1 1 11 9 444 666 33 222 1 66 333 5 555 66 44 5 222
111 777 11 222 222 2 5 111 555 4 66 777 222 44 111 666 99 55 88 444 1 1 5 666 2 555 2 6 11 7 444
4 1 66 4 77 5 55 77 333 1 111 44 9 888 44 33 444 55 44 44 9 66 33 44 888 9 77 44 444 4 66 777 44 3
99 9 88 11 6 1 111 6 44 1 33 2 8 111 7 99 55 2 88 44 666 55 88 33 7 7 777 111 2 888 8 777 777 222 9
555 22 8 5 7 33 33 1 9 6 333 777 777 444 888 66 444 777 88 3 33 4 1 4 88 777 55 9 888 222 222 9 444
33 8 222 1 6 88 666 22 8 1 444 888 44 222 66 888 9 99 4 555 111 9 22 22 555 2 888 44 77 9 11 666 5
5 66 8 33 77 666 555 8 888 9 3 5 1 555 33 2 3 66 2 99 777 22 6 55 99 555 66 44 44 2 22 6 666 333 55
4 333 33 888 6 9 9 4 3 2 88 111 666 1 33 6 66 5 8 888 11 2 666 99 99 7 111 8 6 9 44 333 444 9 33 55
2 77 22 2 22 8 55 444 111 555 666 8 333 555 99 111 2 1 77 9 3 333 9 888 4 777 44 9 9 3 88 5 9 5 9
1 4 2 22 777 222 8 555 2 44 2 55 7 6 444 2 555 5 9 99 888 5 9 555 5 444 22 777 99 444 2 1 888 88 66
33 111 99 2 99 2 333 1 66 4 222 888 111 8 9 111 888 66 111 22 9 444 1 22 99 9 888 33 4 22 22 555
5 44 99 7 222 77 6 66 11 77 88 6 8 88 99 55 1 4 33 33 8 11 77 888 3 9 4 88 55 3 555 4 4 8 11 9 44
2 99 4 777 5 9 44 333 888 2 11 222 777 77 44 4 22 22 555 7 4 7 77 555 9 44 11 88 77 22 44 2 4 888
4 88 222 11 9 777 4 111 3 444 99 99 555 3 5 55 222 444 7 9 1 222 88 33 66 888 66 6 9 666 4 55 444
8 888 22 666 666 777 555 1 22 4 6 4 2 888 555 666 77 33 444 333 111 7 55 11 888 44 77 666 33 11 222
99 5 222 33 9 222 3 99 66 77 11 888 44 33 555 2 777 444 11 777 555 99 1 66 3 22 444 222 44 6 55 9 1
111 777 4 9 88 8 9 11 11 8 333 9 99 888 33 11 111 99 44 888 33 6 11 77 5 3 4 88 55 11 99 22 444 333
33 22 4 55 8 88 11 8 88 77 8 44 66 66 111 7 1 222 66 3 4 88 5 7 77 33 66 99 888 6 2 7 444 2 7 22 5
555 99 111 555 777 9 333 99 666 9 6 666 888 6 777 11 111 6 111 444 777 33 9 1 555 222 66 8 9 444 8
5 55 222 5 777 8 222 11 9 55 88 8 99 99 777 3 77 777 66 2 22 1 4 44 22 333 777 5 9 444 44 777 11
66 111 666 3 111 777 9 88 22 1 111 9 9 77 22 9 9 222 333 55 55 222 111 444 8 77 111 3 4 22 9 6 77 1
99 333 555 222 555 88 2 555 6 66 22 1 444 1 4 777 4 2 9 11 888 22 9 555 22 9 888 99 66 2 44 222 222
9 11 22 9 3 111 3 7 7 7 333 666 7 3 55 111 8 6 5 11 4 444 222 2 111 11 444 9 777 88 55 777 888 6
444 11 44 55 22 555 9 77 77 44 1 777 1 99 666 4 888 6 222 5 88 7 8 4 11 6 666 777 111 55 88 9 55
22 55 99 777 9 444 666 111 5 99 777 111 1 4 88 88 33 8 44 55 5 44 444 2 3 9 1 333 33 11 333 1 44 55
222 7 777 555 666 666 222 9 2 777 55 222 9 7 88 333 5 8 1 77 111 6 66 555 555 444 333 1 22 22 444 7
7 7 99 88 333 3 77 555 9 6 22 99 222 9 555 3 66 66 555 66 333 333 6 44 77 777 5 99 555 777 99 7 1
88 9 555 33 55 4 9 555 333 333 444 55 777 33 22 777 3 44 6 6 777 5 444 44 555 3 2 222 8 5 4 66 6 66
9 33 11 9 33 4 99 4 777 6 99 777 55 8 1 22 9 1 222 444 666 9 1 55 9 666 555 9 3 111 99 7 22 9 33
6 666 222 77 55 9 555 333 77 4 666 1 4 4 444 88 7 77 111 66 77 3 222 11 666 6 3 777 888 11 66 888
666 555 2 44 8 22 9 99 9 66 7 9 111 4 4 777 4 4 55 22 333 88 444 8 33 8 9 44 33 666 9 888 555 33 33
11 666 66 333 222 22 99 55 4 1 1 5 11 99 99 99 77 777 888 44 333 88 333 111 7 66 666 22 9 333 44
2 11 99 555 111 77 555 22 9 55 222 88 6 333 66 5 88 55 222 55 111 11 99 55 22 22 6 11 666 6 55 555
44 99 4 4 6 333 33 1 77 4 1 55 11 9 44 444 55 333 8 888 6 6 666 555 2 9 9 222 11 333 444 11 22 222
88 77 33 555 1 555 666 777 222 9 444 6 4 55 555 99 1 777 333 4 99 11 77 9 444 22 7 555 4 88 99 33
99 66 333 888 7 6 222 9 99 333 44 6 33 666 9 666 66 77 88 44 55 666 777 666 66 2 66 888 333 88 1
8 99 777 44 33 55 9 77 1 222 2 333 2 666 99 88 88 3 888 4 66 22 44 6 7 66 11 888 88 444 111 666 9
2 9 55 9 5 3 5 55 5 22 6 777 333 77 77 1 3 4 3 222 11 8 111 22 55 333 11 99 33 8 99 111 1 44 33 555
444 77 33 888 777 333 333 99 9 77 6 6 444 66 33 99 666 22 222 99 5 4 777 88 5 44 11 44 6 55 3 666
3 3 444 222 1 222 1 22 9 1 44 111 11 55 99 1 5 22 7 666 2 6 444 111 2 777 666 55 55 22 44 4 9 66
22 3 77 333 9 444 666 222 111 777 666 7 2 5 88 2 33 5 6 8 22 22 4 777 4 555 33 8 11 2 33 99 33 5
99 1 6 6 55 4 11 2 111 9 1 888 77 8 6 3 11 4 66 444 8 444 33 888 55 111 222 2 99 2 33 888 5 777 777
777 111 888 1 77 333 55 77 888 44 555 5 444 8 4 888 444 8 22 333 5 444 9 7 77 2 77 44 444 77 44 1
333 88 99 9 4 1 66 55 444 1 7 111 888 777 333 9 9 2 777 1 888 4 1 222 3 88 9 11 9 111 8 111 222 11
44 55 99 1 77 4 888 9 333 333 22 9 55 99 5 333 77 666 9 22 66 77 66 9 99 7 11 111 777 3 666 66 666
66 666 88 55 4 9 22 444 3 33 9 222 3 33 88 444 9 99 888 1 444 888 77 777 55 2 888 44 7 2 333 777 66
8 33 99 7 9 44 3 88 44 77 66 7 88 1 9 88 333 44 4 11 888 333 555 444 77 99 9 55 888 6 1 66 5 4 555
7 9 333 22 888 111 11 444 666 8 22 99 222 88 222 6 666 2 666 99 8 3 9 6 6 777 6 55 3 99 7 444 777
7 4 1 55 2 9 77 222 7 6 9 6 8 555 444 6 444 333 111 3 55 9 11 77 6 4 222 444 55 44 11 6 77 666 1
6 888 6 55 44 22 88 1 8 66 222 8 444 6 55 88 9 222 333 555 111 22 99 9 5 9 33 33 55 33 4 9 333 5 9
8 5 9 777 111 5 888 22 99 5 99 5 555 111 77 7 5 6 22 777 4 666 55 111 111 66 88 88 8 2 2 77 11 77
888 777 2 111 22 55 8 2 88 33 9 55 888 66 5 4 33 9 333 44 444 77 5 4 44 3 6 1 44 2 44 66 222 6 44
8 88 222 11 3 44 4 333 6 3 5 111 2 555 777 2 88 777 555 222 55 111 99 1 3 555 4 888 44 1 666 4 6
1 4 5 6 7 444 111 8 66 9 3 77 8 8 222 333 4 33 888 444 1 4 777 5 777 888 33 444 5 33 33 222 1 333
3 6 555 333 1 333 666 5 444 9 777 55 77 4 6 7 88 44 1 333 666 1 3 555 8 444 4 333 6 55 33 333 4 66
44 55 555 6 99 88 99 33 888 3 777 333 66 22 44 444 99 444 33 555 555 555 88 66 777 22 88 5 3 88 99
777 77 3 444 777 9 555 1 888 33 7 7 88 99 11 222 666 6 8 66 55 2 99 66 111 3 555 111 66 44 777 11 5
33 44 5 666 9 4 3 333 77 33 9 99 3 88 1 1 5 99 9 444 66 222 7 888 222 555 4 3 99 666 6 44 2 9 44 33
55 111 88 88 888 77 9 88 111 22 444 3 3 555 5 33 8 9 3 9 444 777 11 2 7 11 44 555 333 77 333 8 9 1
4 44 777 4 66 888 1 444 66 9 99 99 1 9 44 8 66 555 333 6 4 7 11 8 222 555 9 22 777 6 99 66 333 5
4 11 66 1 99 111 888 4 44 7 9 55 7 444 1 6 3 6 77 6 2 11 666 8 444 99 555 5 555 666 22 22 77 5 888
666 88 4 8 7 666 6 6 111 1 33 7 44 88 55 7 88 9 666 6 666 99 555 44 777 555 9 333 111 44 7 33 1 1
444 222 888 99 22 7 88 2 22 22 888 44 5 888 111 666 22 888 22 66 666 444 888 44 2 888 22 11 4 4 5
1 44 222 888 666 9 8 444 444 222 3 22 55 444 3 66 222 4 66 33 1 9 2 66 8 66 6 11 8 5 666 555 99 44
11 44 555 4 6 9 11 33 11 1 7 3 33 8 77 44 7 33 9 99 2 111 88 22 22 66 66 44 555 555 77 222 66 11 77
666 11 7 666 2 7 77 555 77 6 2 9 88 66 666 99 88 9 3 777 55 444 99 77 6 777 99 777 55 4 3 77 44 888
222 222 7 6 5 99 66 66 6 66 8 444 88 66 7 77 6 111 88 444 444 5 2 22 11 111 33 6 44 1 1 11 44 33 6
777 333 9 2 3 444 66 5 55 666 2 8 7 4 8 99 6 99 66 77 77 8 11 777 66 8 66 99 111 9 666 22 666 99
333 777 666 9 66 1 6 444 222 44 7 9 66 2 11 2 7 9 7 4 66 9 888 888 9 9 3 22 44 666 77 11 333 22 888
222 444 555 777 9 777 55 888 666 6 66 88 111 22 6 1 5 444 99 666 555 777 444 77 222 99 66 1 5 11 4
111 11 444 33 777 33 11 555 66 1 5 2 888 99 11 6 99 4 5 555 333 4 2 555 222 44 11 99 9 99 3 7 22 11
222 11 666 66 4 333 99 444 66 2 666 555 5 111 222 4 3 444 44 3 1 6 55 888 2 1 88 6 9 77 66 44 222
99 2 11 9 666 8 99 33 66 55 44 44 666 777 33 2 6 888 111 22 6 11 777 55 555 222 8 9 77 5 111 444 55
111 88 33 55 9 9 66 111 777 99 4 11 8 5 33 5 666 44 99 222 1 6 666 1 9 88 888 8 444 44 7 55 5 2 8
5 99 22 666 99 222 222 99 5 4 444 88 333 99 55 11 8 9 333 555 8 111 1 777 1 666 7 555 444 1 888 88
9 777 6 4 99 77 111 99 555 5 99 6 2 8 5 2 6 777 6 3 99 88 8 2 8 8 6 9 555 666 222 444 2 5 44 7 3 22
6 111 222 1 66 55 55 222 777 7 9 777 9 44 44 9 888 777 666 11 55 3 4 44 33 11 99 22 5 888 44 777 1
6 44 11 2 777 77 9 4 6 4 1 888 5 444 5 666 9 44 99 66 444 666 66 222 111 11 5 77 2 33 1 111 7 44
33 33 888 66 88 66 66 33 222 99 9 55 222 3 88 444 333 888 44 8 11 6 666 666 7 3 1 2 111 88 11 222 9
99 33 333 222 555 11 55 3 77 2 888 777 6 8 77 444 9 555 222 99 2 555 22 3 44 5 777 333 111 55 22 5
4 77 77 33 1 99 666 99 22 444 44 888 22 4 222 666 555 33 99 11 4 99 77 22 9 99 888 22 99 11 6 666
88 111 555 88 9 555 6 11 55 222 33 11 6 111 2 22 8 77 66 222 7 333 9 77 9 333 111 777 4 222 555 22
444 888 8 33 11 6 888 1 3 88 99 444 88 99 3 111 888 22 888 88 22 7 5 44 333 1 9 666 22 5 444 22 2
88 8 333 1 9 2 888 444 444 66 44 22 99 22 2 55 777 222 22 22 3 6 7 44 22 1 444 2 9 5 66 6 22 8 444
4 66 66 33 888 33 44 555 22 222 5 33 111 222 77 77 444 111 222 6 7 8 888 888 3 6 99 4 666 88 99 3
8 99 555 777 777 1 444 9 1 33 7 9 22 3 7 3 111 3 1 555 3 44 77 22 9 2 333 8 6 444 4 444 444 22 9 99
3 111 3 333 6 5 888 22 111 5 333 666 22 5 7 99 99 666 444 888 5 777 9 222 4 666 77 555 4 6 33 111
11 3 666 99 444 4 9 9 777 88 11 111 333 666 55 888 44 66 777 22 88 6 6 9 444 3 9 4 11 6 66 2 222 88
7 4 1 33 222 111 7 33 5 2 777 666 9 555 99 22 8 44 444 444 3 7 4 111 66 66 6 66 33 2 4 3 4 2 66 9 6
99 55 99 2 6 7 3 99 44 888 666 22 33 88 99 33 99 88 666 77 777 99 444 7 777 888 11 9 9 9 888 3 11
777 444 4 11 3 33 11 666 44 77 555 333 22 22 33 6 888 88 777 4 8 5 666 111 9 777 7 8 5 66 333 111 2
55 5 555 6 111 9 333 44 888 22 2 333 8 444 9 666 2 7 555 4 666 5 111 666 4 4 55 888 88 4 77 11 1 9
9 5 111 888 11 111 77 5 222 99 55 888 8 11 666 99 9 55 5 333 7 777 88 888 22 777 777 1 111 7 7 3 2
22 88 11 222 6 111 77 888 88 555 2 333 777 99 1 777 2 888 55 333 8 8 33 2 555 99 99 333 9 888 777
9 99 222 666 9 666 111 1 111 111 5 777 8 3 555 3 99 55 5 66 222 4 666 444 333 444 7 33 777 777 9
88 66 555 5 99 5 666 111 2 88 22 333 2 777 55 4 88 111 88 6 888 22 11 66 777 555 555 2 9 1 2 6 333
7 6 77 9 7 55 33 1 8 444 777 5 555 7 88 55 1 55 44 2 9 33 333 111 5 88 66 888 222 1 1 777 1 77 66 4
66 666 3 33 9 888 9 7 44 6 6 22 444 99 555 66 666 333 333 333 88 9 333 55 8 111 222 33 11 99 33 7
5 5 66 11 9 555 22 77 333 9 5 222 11 11 99 55 8 5 888 33 111 888 888 2 666 3 99 22 222 777 3 99 666
55 1 44 77 6 666 99 99 5 22 8 11 99 44 6 99 55 6 33 99 555 55 99 77 99 66 9 666 55 777 88 555 88 4
99 888 1 66 333 3 44 5 222 8 333 888 444 333 77 666 88 77 66 888 66 33 6 222 99 44 33 66 4 33 111 9
444 333 7 6 88 2 88 555 7 88 5 77 8 333 4 111 66 44 22 55 7 9 777 555 11 333 11 7 1 8 3 88 4 3 66
9 222 88 66 333 444 44 222 777 1 44 5 11 3 111 55 222 2 6 44 6 99 5 33 7 444 555 8 3 44 222 5 55
444 88 777 8 33 444 222 55 3 11 111 7 5 888 55 22 1 111 8 55 5 1 1 99 66 44 333 555 99 22 99 333 5
99 9 7 4 444 99 77 666 3 5 44 77 99 3 6 222 7 44 33 4 22 5 99 9 11 666 5 88 44 8 111 111 44 3 666 1
99 88 111 9 5 111 222 7 222 8 3 11 111 555 9 888 1 222 4 77 7 99 99 22 77 9 44 55 7 99 2 444 777
222 99 44 66 4 77 99 44 8 22 444 44 888 3 44 7 5 111 666 11 2 22 9 2 1 8 7 666 44 66 88 5 8 666 5 9
1 111 99 3 9 66 4 9 44 44 222 8 1 888 99 77 11 55 22 444 1 11 777 77 9 333 4 7 3 77 66 222 55 333
111 33 55 44 9 99 6 22 1 33 99 33 333 33 222 333 99 33 11 8 222 99 555 555 66 3 9 4 555 2 11 88 6
99 6 1 22 5 111 7 9 77 666 9 44 9 55 777 444 44 22 2 44 6 99 66 44 7 4 111 99 666 8 2 9 77 7 1 9 9
33 666 7 99 1 888 88 77 33 9 444 66 11 4 9 1 888 33 66 111 444 2 444 7 333 77 7 888 2 111 88 9 11 6
2 55 8 111 111 9 66 9 3 555 33 44 888 1 3 55 88 5 2 33 3 77 88 66 5 1 1 222 333 333 22 1 6 33 55 7
77 33 1 2 7 777 11 444 666 66 99 88 111 5 444 222 888 111 1 444 555 44 8 444 77 4 99 444 33 44 444
22 8 3 3 888 6 9 5 333 22 666 99 99 11 11 555 1 44 666 11 77 55 7 5 33 4 88 3 8 333 33 55 77 888 33
888 6 555 33 9 555 333 33 777 3 777 77 4 33 99 77 1 8 88 99 222 99 6 3 6 444 11 55 555 99 22 333 9
55 8 33 3 44 555 666 8 777 55 55 99 44 88 8 55 88 9 99 77 333 7 111 9 9 333 333 3 555 9 777 9 3 5
66 55 1 777 777 44 66 5 7 22 55 7 99 777 3 44 3 22 33 77 9 66 77 111 33 55 1 111 7 33 4 8 7 33 2 3
111 55 33 5 777 4 6 33 444 22 222 444 99 4 888 11 99 777 444 44 55 8 111 555 4 222 1 666 111 111 3
333 4 666 1 111 3 3 7 5 666 1 777 22 77 777 22 222 666 2 99 11 6 7 2 1 11 55 555 7 66 66 666 9 777
9 9 666 888 88 44 22 444 9 5 88 99 11 2 66 5 888 11 9 4 77 222 77 555 4 888 2 77 7 77 99 33 222 666
99 1 777 6 66 88 222 3 6 4 555 8 8 777 444 8 44 444 111 555 2 2 4 44 333 111 11 1 88 99 77 666 11
3 22 555 77 9 6 88 22 55 3 66 9 444 22 11 7 111 6 6 9 99 1 1 88 9 444 888 77 2 55 444 555 222 9 5
55 33 4 222 222 9 444 444 7 888 22 555 9 8 99 88 9 77 111 6 5 111 666 66 2 7 888 4 7 333 3 99 888 4
4 444 22 22 888 777 11 666 11 33 99 777 1 66 888 4 11 3 111 333 99 9 2 222 444 555 3 3 55 66 99 1
111 9 6 66 444 1 666 2 4 66 3 66 11 2 3 777 99 111 77 1 99 33 4 888 444 8 4 88 888 9 1 777 222 888
888 99 7 8 9 1 333 3 6 4 55 777 111 4 333 9 7 66 6 44 88 8 6 777 55 2 4 99 666 333 555 333 22 3 33
666 333 3 444 888 666 666 3 5 88 4 22 3 88 3 666 99 888 6 44 11 444 9 99 555 22 6 11 444 888 99 88
9 9 777 66 666 777 7 555 1 55 333 11 6 4 99 1 99 99 4 77 33 2 77 4 555 99 111 9 1 333 7 77 222 888
1 2 55 33 888 666 5 4 99 7 666 4 9 77 2 444 88 11 3 55 77 777 6 777 555 6 99 8 333 33 99 44 66 666
88 888 88 2 5 777 9 777 3 6 444 55 1 2 66 88 888 66 22 11 9 44 66 111 777 888 6 444 444 111 66 777
22 9 555 7 222 555 333 55 99 777 88 111 6 3 44 5 77 555 888 444 666 44 777 444 99 1 9 777 777 2 77
99 44 99 5 8 3 66 9 55 7 222 666 7 888 88 444 11 6 9 77 3 9 77 3 11 11 66 5 555 8 666 44 333 4 666
111 9 55 444 222 99 555 7 11 4 44 444 222 88 777 11 2 8 66 88 9 2 99 5 77 444 3 8 7 111 55 55 777
44 777 99 99 555 555 88 9 666 444 111 44 333 8 3 33 22 22 9 888 55 333 6 777 88 9 44 777 4 5 6 444
22 333 6 77 11 5 66 8 66 1 333 99 77 99 2 88 2 222 7 66 77 5 444 99 3 6 7 22 5 9 1 888 666 555 1
9 66 99 6 3 888 777 4 1 5 666 4 6 333 44 777 55 55 7 22 88 8 9 555 444 555 11 4 7 22 4 33 666 2 11
888 99 6 111 44 888 44 99 666 22 3 22 2 44 111 666 555 222 3 99 5 333 77 2 55 3 444 2 8 88 88 8 4 4
888 2 444 9 55 444 777 4 99 99 7 11 66 77 8 555 88 44 777 9 33 77 88 33 8 8 66 9 44 8 555 7 888 22
88 8 33 1 44 1 555 5 6 333 66 1 555 111 33 99 666 66 22 22 66 111 666 22 11 7 555 666 5 6 11 66 99
7 777 55 222 3 444 888 222 3 77 3 77 888 11 4 99 5 55 666 33 6 99 99 66 44 44 3 9 777 2 9 888 55 11
777 55 5 3 777 33 9 55 66 55 333 222 888 55 111 9 44 4 1 5 3 6 88 8 333 7 5 33 222 444 7 99 1 9 4
22 111 88 4 88 44 888 2 2 333 111 444 3 33 666 8 888 9 111 333 222 44 5 33 555 111 5 9 66 33 222 5
666 8 99 2 33 222 22 666 33 77 77 11 2 33 555 8 9 6 2 4 9 1 666 55 666 777 2 44 777 66 99 9 666 1
666 4 666 4 66 555 1 11 11 777 4 99 1 33 99 44 55 5 2 22 33 99 9 11 11 888 22 3 333 7 44 777 8 5 99
33 8 4 7 11 7 22 555 555 66 2 1 777 8 4 222 44 444 9 444 9 77 777 888 555 2 666 55 1 11 6 1 777 77
22 777 333 77 555 8 77 333 99 99 4 777 11 555 444 777 444 99 11 99 99 9 222 88 1 33 99 44 888 99 99
33 2 8 5 111 3 66 6 22 5 77 777 2 9 66 7 99 666 99 6 111 777 99 66 2 66 5 22 3 22 55 55 888 7 66
333 99 8 1 8 99 4 8 3 33 3 5 333 9 6 111 5 555 22 22 33 8 6 222 66 22 11 44 444 55 9 444 555 66 5
88 7 111 6 333 33 222 5 99 55 444 33 55 55 666 888 44 1 1 8 3 66 88 44 7 9 22 777 555 11 7 222 33 7
4 888 3 33 77 4 99 55 9 888 8 99 222 33 4 88 5 2 666 111 444 3 2 6 4 4 88 333 8 4 222 99 444 444 22
555 9 77 777 99 33 44 9 222 11 888 8 444 8 5 111 8 888 1 1 66 111 111 7 5 11 77 555 33 6 1 9 11 3
9 5 22 111 33 555 666 333 7 1 55 8 7 7 222 22 88 55 77 777 2 444 66 5 55 7 2 66 33 444 88 2 2 3 99
333 666 9 333 99 8 33 111 7 77 5 55 11 333 4 66 77 2 777 7 8 444 22 7 66 22 111 555 33 77 22 44 444
1 22 5 8 555 9 88 22 3 666 9 9 66 6 2 22 1 9 888 666 8 9 9 6 22 444 77 88 7 333 5 444 44 555 77 7
6 9 11 444 2 777 99 666 7 99 888 9 4 7 6 11 1 5 33 22 99 11 44 11 111 3 666 2 333 1 9 99 222 99 77
1 444 9 6 111 44 1 22 1 22 66 1 333 6 555 111 8 22 333 888 9 8 44 8 88 99 7 3 5 44 555 6 222 555 66
88 44 11 33 9 5 55 2 22 888 9 333 33 333 777 88 99 1 99 22 99 22 3 33 9 44 33 1 7 7 888 7 777 44
55 8 33 777 77 111 444 6 444 33 66 66 99 2 5 9 66 111 44 222 1 222 4 5 8 77 111 44 88 444 9 222 6 9
7 88 6 6 8 8 6 44 88 444 9 66 7 777 5 2 3 44 33 44 1 6 555 99 555 66 222 3 333 11 333 7 11 11 3 3
777 11 2 444 66 777 3 77 99 8 66 44 44 888 33 777 666 555 6 5 888 2 22 8 8 444 555 666 55 8 888 99
666 99 555 1 3 222 4 11 5 444 777 5 7 88 77 555 8 4 9 333 66 555 77 888 666 333 22 5 3 1 77 333 66
99 111 33 1 44 3 44 3 99 22 888 222 66 5 6 888 888 66 6 333 666 2 55 8 11 111 666 77 9 77 22 99 3
55 88 4 55 44 7 55 9 2 7 99 8 33 88 99 8 1 9 555 77 555 33 4 11 77 66 4 111 22 222 4 3 11 77 8 33
22 555 4 777 66 333 2 7 666 555 55 7 66 33 99 99 666 66 8 333 8 9 333 6 4 2 55 66 666 2 9 555 222
11 9 4 111 33 77 222 3 1 555 888 444 888 2 55 33 111 88 777 9 22 555 77 22 22 5 66 888 88 9 111 666
111 77 33 33 333 66 9 8 222 1 11 111 9 4 777 3 8 6 1 8 33 666 111 77 5 99 555 2 222 55 2 6 99 22
2 66 888 6 888 11 333 333 88 33 888 111 444 33 888 44 8 22 7 3 333 11 3 44 2 222 22 8 4 2 222 222
555 6 333 3 3 9 22 777 22 888 6 222 4 222 5 88 77 9 2 77 666 111 6 77 888 8 4 777 55 2 55 444 33 6
555 888 22 44 666 888 7 777 888 111 444 333 22 111 66 22 333 666 9 2 11 5 99 6 77 1 1 1 111 66 7 2
9 11 2 55 4 7 333 9 9 5 6 11 66 4 99 2 666 222 1 9 111 33 444 22 777 77 2 2 8 3 666 444 99 99 66 77
555 88 2 444 5 1 11 1 555 99 44 1 1 11 33 4 888 4 4 9 3 8 88 55 11 99 4 8 777 99 66 6 888 888 1 444
888 6 99 222 666 8 555 44 444 666 77 88 3 44 44 6 444 777 3 2 8 111 666 333 333 666 33 333 333 2 66
33 4 2 6 9 22 4 33 99 6 222 2 2 3 88 11 333 55 333 99 33 5 9 111 2 4 88 2 2 11 44 2 3 22 33 333 1 9
9 55 2 7 55 88 222 6 99 55 222 7 33 77 7 666 555 5 77 3 77 4 111 33 1 555 111 333 7 5 11 5 11 77 9
2 6 777 55 6 666 66 6 33 888 6 2 8 555 2 77 888 11 33 111 333 77 1 77 33 88 777 333 66 444 9 11 99
66 7 444 7 555 3 88 666 888 88 111 666 333 5 6 22 555 33 9 22 888 6 666 4 77 7 555 7 22 66 222 666
111 44 777 4 22 66 44 888 11 1 55 22 44 222 55 555 77 22 11 55 9 44 222 555 6 99 6 99 5 11 888 88 4
666 22 1 666 888 4 222 2 8 22 333 55 66 55 99 77 4 44 8 333 66 1 9 666 666 33 8 7 11 9 5 99 55 22
666 2 444 9 555 11 99 4 33 555 44 55 5 111 5 66 7 111 44 2 2 888 9 4 7 66 222 7 444 11 777 444 9 88
8 777 22 3 333 4 2 5 55 666 777 44 888 9 2 555 99 444 222 88 33 4 8 111 222 444 55 111 9 1 4 5 4
777 444 6 111 55 33 99 3 555 33 44 9 444 8 8 7 9 444 9 9 111 88 88 5 444 22 66 777 888 66 4 222 5 9
8 88 44 2 11 88 555 2 3 6 9 11 666 9 1 44 4 22 66 111 333 33 2 55 5 66 99 9 111 44 99 55 222 777 9
1 111 55 8 99 4 4 222 2 5 333 5 444 9 9 66 8 11 2 11 1 222 66 7 9 777 111 77 444 333 666 666 99 222
5 6 1 44 555 777 33 8 55 555 99 99 9 8 111 44 77 7 55 99 99 333 4 5 333 1 111 777 7 33 8 5 88 55
1 5 444 66 333 111 77 3 444 9 222 111 222 888 5 99 555 99 333 9 66 444 2 66 5 44 77 8 9 555 99 33
22 55 111 55 66 77 6 88 77 22 6 222 222 1 666 555 88 8 33 111 444 555 99 1 66 1 1 8 222 6 6 99 4
9 77 1 9 333 444 2 66 6 6 2 99 555 11 33 333 88 7 333 7 11 88 33 555 2 6 6 66 11 6 9 44 8 22 888 3
44 1 888 88 888 777 333 9 777 88 222 77 222 77 9 66 9 66 1 44 888 777 222 88 1 4 66 5 11 1 33 99 7
666 111 2 66 88 666 33 8 2 5 33 99 77 9 33 3 111 8 444 6 3 9 9 7 5 6 333 222 888 77 666 555 2 8 5
3 333 444 9 6 1 11 2 33 8 99 11 11 11 9 6 555 7 9 222 3 333 77 44 1 333 333 444 9 9 3 88 4 8 88 555
1 77 99 5 5 2 1 1 9 4 555 444 88 9 11 1 8 9 77 333 777 99 333 888 88 5 555 888 88 11 555 5 2 11 888
66 777 4 333 66 7 777 9 66 33 888 222 66 222 666 99 9 888 3 4 6 11 77 88 8 9 66 3 111 5 555 9 888
88 88 22 111 99 1 99 7 555 5 8 66 6 44 444 55 4 666 6 111 9 66 99 3 99 4 1 11 5 888 99 66 7 11 111
33 2 6 44 33 99 4 4 99 8 88 2 3 333 777 666 6 11 222 9 22 777 22 4 33 555 88 99 7 11 555 66 9 88 9
666 11 666 8 7 555 9 222 5 88 33 88 1 777 777 5 5 888 4 444 44 77 22 3 666 555 4 1 77 5 99 333 333
888 6 3 99 88 11 6 5 777 8 333 4 1 77 666 666 1 66 66 7 33 6 333 555 5 11 888 111 4 33 555 7 2 333
111 8 666 11 7 8 55 4 5 33 44 8 7 6 2 777 22 111 11 88 99 33 5 777 2 1 333 666 8 555 66 99 7 88 8
888 333 9 777 77 6 4 888 66 666 1 888 2 88 11 55 3 9 3 4 888 444 33 11 777 1 22 99 8 99 8 7 6 111 8
99 9 22 2 99 55 22 777 7 66 66 33 777 9 7 666 6 11 666 6 111 222 333 9 6 9 99 333 77 77 77 99 55 8
77 11 7 6 1 3 555 3 66 99 2 1 77 99 9 4 66 888 9 6 2 3 111 33 333 4 55 2 8 8 111 8 77 55 44 555 7
666 9 77 444 55 3 88 99 4 666 333 99 777 7 888 77 444 66 7 77 99 555 7 9 11 666 11 1 555 8 5 44 22
333 66 7 222 222 4 44 555 8 11 555 44 66 333 33 99 77 66 55 111 888 8 4 1 3 88 8 555 222 44 5 5 44
8 4 6 66 4 555 444 11 111 7 222 77 111 55 666 111 33 9 4 55 444 66 7 444 1 7 6 99 444 44 44 44 6
1 4 333 222 5 11 6 333 2 111 777 3 2 444 33 33 666 66 88 9 5 33 888 222 66 555 77 3 888 99 333 2 3
77 888 6 3 6 11 66 1 666 444 666 88 99 333 888 7 555 11 333 9 99 8 222 5 66 9 3 5 55 9 33 11 333
888 88 7 99 9 3 2 333 99 555 7 444 55 888 9 1 777 1 444 11 99 888 2 666 1 44 222 777 6 9 444 77 333
88 222 111 77 7 111 555 111 555 88 666 1 33 888 666 111 3 11 888 5 3 4 22 33 222 666 333 88 5 444 7
88 7 555 1 2 5 111 3 8 88 4 7 4 6 6 222 44 222 6 88 44 9 555 99 77 3 111 2 7 555 555 333 2 555 777
44 22 6 333 666 666 33 888 9 9 9 9 6 4 7 33 9 3 88 777 5 99 77 222 444 99 6 99 9 5 55 44 1 99 8 9
777 2 22 3 333 4 8 44 222 222 222 9 22 44 88 55 99 2 888 777 444 55 22 333 11 55 222 2 777 666 111
2 8 888 6 5 99 66 44 9 99 111 99 6 99 7 1 222 55 2 33 33 555 555 888 555 44 77 22 3 88 2 2 77 6 44
333 333 99 2 77 8 333 11 1 111 8 44 6 2 222 8 444 33 99 99 666 5 444 222 22 44 55 111 99 11 9 7 3 9
333 9 555 44 777 888 11 888 888 77 8 8 4 11 333 77 111 555 9 66 222 222 77 3 3 1 6 333 4 99 99 55
44 6 9 222 9 222 1 111 222 888 777 5 666 4 33 444 111 888 8 22 444 22 8 4 666 777 44 555 333 777
88 5 111 77 55 9 2 111 444 8 7 8 4 5 111 55 99 88 33 44 6 333 77 6 55 111 888 9 333 66 9 3 99 777
777 333 11 22 5 5 99 55 66 88 888 7 4 888 3 4 88 8 555 4 88 6 77 6 2 1 99 11 3 9 888 9 55 555 11 6
33 2 2 44 77 4 111 99 5 666 9 7 222 1 55 33 6 1 555 888 55 6 8 33 33 3 111 55 22 3 888 1 4 77 99
99 9 88 9 7 5 88 88 11 22 4 2 55 3 555 5 11 5 99 333 777 7 8 33 11 66 555 99 55 666 777 444 9 8 111
333 3 22 7 66 88 99 7 8 99 222 8 6 777 666 7 888 5 333 11 333 1 11 66 33 66 6 777 55 22 8 4 444 777
444 6 9 11 55 5 9 44 88 9 22 111 33 2 2 7 666 66 888 444 88 888 666 1 3 444 77 9 555 666 777 7 777
777 99 1 55 88 77 88 6 44 22 4 555 88 11 888 88 444 11 66 88 33 22 1 22 33 99 4 9 4 5 111 22 88 1
777 2 666 222 333 333 99 33 33 99 44 44 99 777 3 66 66 1 11 5 33 3 4 9 4 444 444 22 66 8 222 55 55
777 22 99 22 88 4 888 8 33 66 888 222 9 7 11 3 555 55 222 1 9 8 111 666 8 555 555 555 555 33 8 9 4
555 444 44 222 777 77 3 66 777 22 8 22 333 3 111 333 777 777 8 9 22 77 888 44 888 2 1 66 2 777 222
77 4 333 9 5 8 111 44 666 11 5 888 88 444 55 6 3 555 77 5 99 333 7 11 111 5 4 11 222 77 55 88 88 55
111 77 33 333 4 2 22 22 4 333 2 6 9 99 111 55 66 555 5 88 555 66 222 4 111 99 2 2 1 555 3 9 11 22 1
1 6 7 33 7 3 333 6 333 2 8 99 2 222 44 888 7 3 77 555 22 444 8 666 777 7 2 333 99 99 77 333 888 66
11 55 88 222 3 55 777 77 5 99 888 88 8 2 77 55 55 66 555 111 666 111 99 444 99 6 666 444 333 88 8 1
44 9 6 777 99 7 99 444 2 7 33 888 555 88 111 8 11 9 77 44 66 55 44 88 333 4 66 111 2 99 22 444 2 9
777 3 77 1 9 99 2 11 55 9 222 88 888 9 77 4 111 444 8 333 666 2 7 55 222 99 2 555 9 77 444 333 5 7
8 99 111 9 99 9 777 9 444 888 9 666 3 4 6 3 5 5 6 66 55 5 8 22 11 66 1 7 333 88 88 77 55 666 22 444
33 2 111 7 4 55 111 3 222 8 3 77 444 99 33 3 888 44 2 7 5 66 6 77 11 8 3 44 111 444 1 88 444 44 55
44 888 222 444 6 888 222 99 111 8 333 9 9 7 555 22 88 6 55 9 555 333 44 11 11 555 77 88 4 66 111 44
11 99 2 9 5 111 4 333 6 88 99 88 222 9 8 5 99 7 99 222 3 99 6 33 44 3 111 9 222 33 1 333 7 2 444
99 66 6 7 44 88 888 777 2 1 55 33 444 5 11 22 111 111 11 11 555 222 55 3 99 555 77 33 99 666 8 1
6 4 888 6 2 1 888 3 8 33 22 66 8 666 9 99 44 9 55 99 22 1 333 3 1 33 444 4 3 88 8 66 88 11 66 666
44 99 22 666 6 9 77 6 33 5 3 555 2 222 22 222 22 111 444 5 88 9 222 555 888 1 9 888 3 55 44 33 777
9 6 4 1 333 66 9 1 6 4 9 777 22 55 888 11 2 111 222 444 44 9 77 33 9 777 666 1 44 444 66 333 22 99
77 7 6 444 888 99 66 55 8 222 6 9 7 66 7 8 1 7 666 1 111 9 1 33 555 333 7 99 5 33 4 2 7 666 888 11
888 555 333 22 11 9 1 1 99 5 99 666 777 8 55 444 88 8 22 2 666 4 66 444 9 444 333 888 55 1 9 44 555
4 11 6 444 2 4 444 111 99 333 5 111 888 5 11 4 444 11 333 333 11 777 22 888 9 99 4 888 77 99 666
111 99 55 333 1 77 6 99 333 8 111 777 6 333 9 44 11 55 6 77 5 4 9 66 11 222 99 6 77 1 777 777 7 333
777 222 44 888 55 3 1 66 44 4 555 1 99 66 77 77 777 99 3 444 44 1 88 3 444 44 222 5 88 7 666 111 88
22 1 5 11 33 1 44 9 33 3 222 22 55 8 777 6 11 7 11 11 8 66 888 3 8 2 666 666 111 5 2 6 88 99 888
4 444 111 4 7 333 5 33 9 4 7 11 77 7 222 6 8 44 99 5 55 3 4 99 444 555 44 99 44 888 9 6 111 11 1 3
5 33 6 555 2 66 33 44 66 8 3 444 555 7 5 111 333 666 99 55 555 5 4 888 99 5 777 55 888 777 666 444
666 222 44 44 99 66 11 2 333 77 3 9 66 11 888 3 7 8 444 333 1 88 222 222 33 4 9 1 11 777 444 111 3
3 55 888 111 7 55 9 22 333 33 44 222 555 222 88 22 8 555 333 1 44 44 88 666 77 777 4 55 9 222 888
111 22 2 888 2 5 77 9 66 7 33 9 777 5 333 777 4 99 222 55 222 66 3 22 4 33 1 555 4 3 22 88 88 66 44
1 7 222 44 2 55 3 99 33 1 22 222 44 222 2 222 555 444 555 66 777 8 111 77 77 77 88 444 5 8 444 111
777 1 88 444 33 7 111 22 88 3 666 9 55 444 99 99 777 44 777 33 9 666 9 11 555 8 6 11 444 11 3 3 2
3 22 11 66 9 44 7 88 22 33 1 777 777 6 88 77 4 33 66 44 777 555 8 777 1 99 33 2 1 666 7 444 99 8 4
222 55 555 3 111 7 5 6 444 55 99 1 44 4 33 222 111 66 33 5 66 777 6 111 4 1 333 33 222 9 3 444 99
2 6 3 777 4 888 2 55 555 333 77 88 6 222 99 333 111 22 9 1 22 22 66 111 111 4 3 5 3 666 7 3 9 3 99
2 6 333 9 777 666 9 1 3 44 9 555 333 77 222 5 4 66 6 111 44 33 8 888 666 555 66 8 7 22 1 111 55 3
8 555 11 6 111 777 888 9 888 99 666 111 66 777 444 333 333 5 888 66 3 111 777 55 666 99 1 77 8 6 33
2 4 88 33 444 44 444 99 88 99 99 44 9 5 44 777 5 4 888 5 7 3 77 555 222 333 9 55 4 88 66 555 9 333
7 77 55 44 6 99 4 88 9 777 2 99 2 777 55 3 6 66 77 11 3 222 55 3 888 888 55 88 6 8 66 44 66 777 111
111 111 99 6 7 99 111 77 99 4 8 2 8 22 11 9 2 9 555 444 8 444 111 88 7 33 44 33 1 777 4 111 66 555
66 1 666 9 9 555 222 8 777 555 33 333 555 6 33 77 333 111 888 11 44 22 4 88 11 4 888 2 66 66 111 2
2 3 9 99 5 6 6 3 2 3 6 44 8 111 3 666 99 88 555 22 666 555 22 8 33 5 22 777 88 2 33 22 555 8 1 7 33
99 11 888 1 11 8 555 5 11 222 11 4 66 333 7 333 55 55 555 666 8 9 99 777 11 666 44 444 99 5 7 111
33 66 444 22 777 333 777 88 5 333 66 888 2 55 66 11 99 2 4 77 222 3 5 44 6 55 333 555 888 55 88 7
55 111 44 4 6 3 77 4 11 9 88 66 666 666 99 222 22 2 555 2 9 3 888 444 4 5 55 1 1 7 444 333 99 2 7
1 99 777 99 9 333 444 6 6 888 77 5 77 7 99 111 99 7 222 555 22 666 55 99 888 7 77 7 8 666 66 111 2
99 444 77 33 22 5 222 333 77 4 22 44 99 888 66 3 99 111 11 44 1 444 333 88 333 666 666 88 88 444 4
11 333 9 11 11 666 3 66 1 5 222 77 555 5 33 555 3 777 111 2 5 4 22 1 6 111 111 6 8 7 111 22 11 11
1 666 55 333 2 9 66 333 5 444 3 6 33 1 2 22 22 33 99 22 44 111 1 555 1 6 777 5 88 55 555 6 66 3 66
7 44 888 4 6 44 555 33 5 2 8 888 66 77 99 77 333 888 666 444 44 7 888 444 666 9 3 9 6 66 22 9 6 4 7
888 99 7 8 111 666 33 99 222 99 5 88 666 4 5 2 3 333 55 33 99 33 55 3 2 22 88 888 7 555 22 8 99 33
333 2 33 77 777 4 77 6 111 7 99 22 777 8 111 444 222 9 1 7 4 88 777 6 22 7 444 777 1 333 7 5 333 5
4 888 111 1 2 111 666 777 1 33 333 222 333 5 11 3 4 9 9 444 22 7 9 2 66 222 333 11 222 44 11 66 3
9 444 8 888 33 111 77 9 44 6 99 2 2 888 9 444 888 9 444 777 7 777 9 8 55 77 5 777 3 8 6 88 7 22 9 8
111 6 9 11 222 8 22 555 88 1 111 66 33 5 44 1 9 44 6 2 11 66 44 77 11 5 777 33 8 7 888 555 77 7 8
222 1 66 888 9 111 888 77 888 44 9 888 3 6 6 9 66 555 444 5 77 22 66 777 888 9 9 777 111 88 3 4 11
8 111 555 111 111 77 9 77 2 2 8 88 9 22 2 2 444 7 11 4 1 2 333 333 9 111 666 33 8 111 1 111 77 33
666 1 9 6 3 99 44 4 6 666 222 444 555 333 66 11 8 1 8 7 4 2 7 4 44 55 3 2 888 11 9 2 888 666 6 44
22 111 222 22 55 66 66 88 222 777 44 1 4 77 2 33 555 666 99 7 99 8 444 99 11 666 6 77 3 88 5 88 9 8
777 7 44 666 1 222 33 666 33 3 111 111 2 6 777 6 9 9 88 88 888 99 77 22 7 99 9 111 555 444 11 4 77
888 555 55 88 666 777 1 9 666 11 22 3 2 1 4 22 33 777 66 8 44 55 2 2 333 6 33 44 111 888 777 9 22
8 2 44 333 11 888 222 333 3 88 777 3 3 77 333 5 11 6 2 2 9 66 22 777 8 4 777 33 777 22 444 66 777
555 222 7 66 555 11 44 333 44 555 555 4 77 99 8 55 222 444 11 99 88 9 55 9 333 3 666 888 77 22 99 9
333 2 7 44 6 2 555 88 44 22 99 222 6 55 5 888 6 777 3 3 22 99 333 8 333 4 4 333 666 222 9 4 555 3 9
55 11 8 99 222 6 88 333 88 222 5 666 11 55 555 77 8 77 22 3 222 22 5 11 3 5 333 5 1 77 9 5 222 222
77 666 9 55 333 33 7 11 44 777 6 6 99 44 222 5 99 7 111 9 333 66 333 2 2 4 88 888 99 66 7 111 11 77
6 6 111 77 33 555 88 555 66 77 66 88 9 77 5 77 333 99 777 777 444 22 8 55 222 77 111 111 22 8 2 222
55 7 99 111 2 9 9 1 666 99 4 33 777 555 77 55 888 33 3 88 666 7 777 1 666 777 99 3 3 9 111 777 3 7
9 66 333 5 5 33 888 66 888 3 9 4 4 44 88 8 3 7 1 3 7 22 111 22 77 9 222 5 9 55 444 333 5 333 8 77 5
4 77 22 9 8 6 666 6 4 55 44 111 8 66 222 666 44 22 55 6 3 3 6 111 22 88 44 11 777 44 1 99 222 6 4
77 222 444 11 7 1 4 333 777 6 444 33 444 2 888 99 66 4 9 44 55 66 11 22 333 99 222 88 33 888 4 22
11 6 888 66 3 8 9 4 777 5 88 99 555 22 6 5 33 88 666 333 777 11 33 66 6 555 2 99 11 9 99 7 666 777
9 111 3 5 77 99 88 1 99 111 555 333 4 99 5 1 4 33 22 1 8 5 33 77 888 22 555 1 99 77 777 6 7 9 55 88
2 44 3 333 5 3 6 333 3 11 77 666 77 777 99 11 555 5 444 44 77 9 666 666 666 777 3 1 444 2 55 555 77
3 2 333 444 3 7 11 6 33 888 4 7 44 4 9 6 88 2 77 5 3 3 55 222 99 111 6 666 5 888 99 88 9 2 55 888
777 88 77 44 11 666 888 1 7 2 44 88 111 55 4 55 55 1 22 444 1 9 9 555 22 2 1 77 5 666 2 66 66 5 44
888 777 555 44 88 11 2 222 111 3 22 44 2 33 9 1 5 44 88 9 8 44 5 666 88 66 66 7 333 66 55 777 66 55
666 22 3 4 8 77 555 55 5 222 22 7 44 6 1 111 3 6 5 11 9 5 888 4 8 7 4 5 9 99 7 5 22 22 8 22 33 33
2 5 333 11 1 9 55 7 333 8 11 111 66 5 22 9 4 222 77 222 55 6 22 4 777 22 33 55 77 333 88 666 9 6 77
2 9 555 66 77 66 555 44 333 777 5 777 99 444 1 888 666 4 888 888 7 777 6 11 55 555 8 55 6 88 66 9
444 33 9 33 11 5 22 44 111 666 2 7 99 1 9 6 888 555 222 111 444 77 222 333 2 5 9 8 22 77 22 88 66 8
5 7 111 2 9 11 4 88 222 555 222 333 333 6 8 6 3 77 3 77 4 2 444 1 2 8 222 4 66 9 444 4 55 1 8 44 11
99 33 44 2 9 22 77 222 99 888 5 66 7 333 44 22 555 1 555 22 333 7 2 222 9 444 99 444 44 4 222 88 8
8 111 1 11 3 1 3 8 11 66 66 6 444 1 66 4 222 7 7 66 55 44 3 99 2 444 33 44 9 5 5 77 222 11 222 99 3
111 66 99 222 444 8 888 777 99 9 2 4 222 88 22 66 9 77 444 555 666 11 77 77 2 77 2 888 66 777 9 888
888 55 888 1 666 88 66 555 1 6 6 99 777 44 8 22 77 7 6 22 99 88 111 77 6 22 66 6 1 111 111 888 555
7 99 111 77 888 333 55 5 222 7 777 444 33 6 333 6 66 88 77 11 33 444 111 7 4 111 5 4 33 777 555 2 4
99 88 33 666 333 777 77 11 333 777 5 99 1 555 3 44 88 333 9 2 1 111 222 6 66 777 3 33 22 888 3 55 9
2 4 55 55 2 777 99 888 88 44 1 1 44 22 66 777 77 8 5 7 333 444 77 1 5 7 666 1 66 333 6 99 111 6 55
44 8 3 7 9 9 222 66 666 666 6 7 99 3 44 2 33 77 66 777 111 2 4 5 1 9 99 66 66 2 9 222 5 666 1 99 4
99 1 2 44 99 44 222 7 3 22 8 5 88 7 1 22 11 8 33 2 33 2 777 99 22 777 33 9 77 4 11 99 444 33 77 88
5 99 22 99 55 111 333 2 2 6 6 77 5 444 1 99 88 222 33 5 888 555 7 333 11 11 77 555 7 5 777 66 6 888
55 33 4 11 99 55 7 44 88 33 555 666 777 55 7 222 222 888 444 66 5 444 44 3 6 22 888 44 111 55 77
3 11 22 555 44 3 666 888 777 6 55 777 99 777 4 7 666 88 8 77 666 8 8 55 99 9 5 5 222 44 4 7 2 33 44
22 55 55 3 55 55 22 111 444 6 111 11 888 2 77 7 9 3 11 11 77 444 777 222 4 3 1 333 3 22 555 4 7 444
33 11 555 777 66 66 11 99 88 11 55 55 888 8 8 1 33 222 3 44 6 222 55 222 11 55 9 888 9 888 77 55 88
99 22 6 222 22 55 1 7 7 77 22 888 44 8 555 7 2 9 1 6 66 222 9 888 9 9 3 9 777 1 111 33 777 555 333
444 666 33 66 77 3 33 77 22 1 2 1 33 888 99 8 11 22 4 11 111 8 555 222 99 9 5 6 666 44 6 3 11 77
9 22 8 555 4 8 5 2 7 22 111 88 6 99 66 22 66 444 7 88 11 444 9 222 9 55 66 222 444 555 888 8 111 8
444 444 9 5 5 99 66 3 444 55 9 444 11 555 1 11 11 22 444 4 8 2 888 777 1 44 99 777 888 44 777 11 22
1 77 99 55 444 444 666 333 55 99 55 333 11 2 4 666 9 11 44 444 3 5 33 777 9 888 555 22 1 4 1 888
7 2 666 333 4 333 666 11 55 2 7 444 2 777 777 7 22 22 9 6 22 333 11 11 4 3 33 9 3 8 444 1 777 9 222
777 888 9 555 99 7 222 66 3 888 33 9 444 777 88 777 5 99 111 555 8 555 666 66 11 7 99 333 8 8 444 3
2 88 888 3 666 99 222 333 222 555 9 222 6 9 8 333 111 666 99 5 55 6 111 44 111 44 222 555 3 77 99 9
77 1 33 6 9 2 99 666 444 777 99 555 6 4 4 1 111 11 7 8 88 888 55 55 55 8 1 44 33 4 66 444 77 9 6 3
9 333 4 222 11 3 66 222 8 66 99 2 11 4 22 111 6 1 22 222 222 444 777 33 8 444 3 666 888 888 88 444
222 111 8 11 55 2 3 99 9 9 77 88 4 4 6 222 99 33 44 7 111 333 444 22 777 888 888 444 99 5 888 88 5
3 666 33 111 4 11 333 3 99 1 99 66 55 111 2 4 77 44 333 666 7 66 1 222 77 99 555 33 11 6 7 9 4 77
3 1 22 9 8 9 22 777 77 66 888 3 22 55 3 2 888 333 66 9 6 88 2 2 22 222 2 99 7 111 77 777 55 99 111
9 22 66 222 555 99 4 5 333 9 66 99 222 888 5 222 99 6 66 77 11 7 11 6 222 66 444 77 55 6 5 4 666
33 222 11 33 99 3 66 99 33 66 6 99 777 555 4 8 9 9 2 333 5 111 9 6 7 9 666 222 44 555 666 222 777 6
5 333 3 22 99 777 33 77 33 333 444 77 777 9 5 666 77 888 666 33 111 9 7 222 77 3 4 111 8 33 7 44
88 6 55 66 555 7 11 444 55 666 111 888 777 5 99 2 3 3 666 666 11 99 4 5 555 6 33 77 222 111 99 22
777 3 333 1 1 777 5 88 66 33 1 99 66 888 555 77 22 88 2 99 3 333 7 9 44 11 8 11 9 222 55 44 555 55
55 4 555 6 888 777 9 1 8 4 3 555 2 777 9 666 7 88 44 555 9 666 555 33 44 8 99 4 555 9 4 222 66 666
666 888 66 222 5 22 111 777 2 1 555 8 111 1 77 11 11 66 7 9 11 88 11 3 7 777 555 33 555 66 1 99 7
44 444 8 8 88 1 1 9 3 22 444 666 6 333 111 9 666 55 8 33 111 22 1 666 222 99 99 77 777 6 11 99 9 1
22 2 9 9 111 555 555 333 444 333 8 88 5 222 4 8 4 2 9 555 33 2 222 88 33 11 333 99 222 1 2 8 9 99 2
22 22 8 333 55 8 22 22 777 888 1 6 222 888 77 111 666 777 7 22 11 777 5 8 77 777 444 666 9 55 555 1
99 99 2 5 3 7 66 2 88 3 99 55 444 11 33 444 11 44 8 11 77 6 33 3 99 22 44 7 777 7 22 3 777 555 77
333 8 777 9 2 111 99 3 22 222 5 9 111 22 11 44 55 8 111 6 222 2 44 88 1 55 222 55 55 1 555 7 777 11
33 99 2 7 99 3 7 222 9 66 2 88 44 99 11 5 4 8 777 22 9 9 888 99 777 333 66 6 99 888 777 55 55 333
5 111 8 55 7 7 4 22 44 8 55 1 555 555 2 222 8 8 1 444 66 7 6 9 3 4 66 9 33 66 333 22 33 55 44 333
44 777 11 5 66 6 8 333 11 8 555 66 9 111 888 8 777 6 2 11 8 444 222 22 666 333 88 555 99 7 111 33 1
77 33 555 55 444 44 22 1 333 33 8 33 66 111 5 666 3 2 8 222 6 88 888 222 9 11 2 66 77 99 8 9 5 444
5 7 77 111 2 99 2 111 222 22 222 99 5 6 555 444 33 1 8 2 111 666 5 11 777 99 3 9 7 55 444 66 111 9
88 555 222 777 3 444 444 555 77 7 777 66 222 111 5 4 333 22 44 88 3 9 555 9 44 66 4 555 4 6 7 444 3
1 1 666 88 99 4 2 44 22 2 66 9 222 5 11 44 4 9 7 88 444 8 888 4 55 777 8 55 666 555 44 5 88 77 8 3
7 4 2 444 444 9 1 5 6 9 2 7 88 555 888 9 444 55 33 88 333 66 888 11 44 5 444 6 55 66 77 444 777 22
33 4 777 33 3 66 11 333 555 9 444 8 9 9 666 22 111 888 333 77 33 55 555 44 33 7 1 666 555 55 333 3
2 22 777 1 33 22 22 777 55 6 55 88 4 66 777 555 777 88 1 33 66 7 3 5 55 7 99 77 99 77 88 3 9 1 222
9 333 777 1 777 11 77 111 11 22 88 444 66 333 222 77 33 1 8 666 9 11 444 333 777 7 99 66 2 55 9 555
8 777 222 666 99 7 7 11 111 222 555 666 444 77 4 88 555 88 111 99 2 22 22 8 444 2 33 222 88 99 7 22
9 8 88 44 4 99 9 11 99 7 77 99 111 777 777 99 4 333 1 88 555 444 3 333 22 1 222 3 99 888 555 44 55
9 555 9 777 44 5 9 6 6 555 333 88 666 11 4 6 7 44 9 55 111 11 111 33 5 99 555 3 444 6 111 555 777
4 7 6 33 55 777 3 888 5 33 44 22 4 555 7 1 2 6 444 7 2 555 4 111 222 3 6 777 7 11 33 8 88 888 6 666
22 777 777 11 99 444 111 888 333 2 22 8 8 555 3 88 666 5 222 7 777 666 88 222 888 7 777 1 6 2 22 66
5 333 77 666 9 11 222 55 888 666 888 666 9 444 3 444 7 6 11 55 11 888 666 9 888 3 777 666 9 88 99
22 44 111 5 7 444 11 7 777 777 777 11 44 6 666 66 5 66 55 777 77 3 888 666 33 666 333 333 7 777 5 7
222 7 99 9 55 22 88 8 66 666 1 444 6 888 99 77 11 5 1 44 55 3 555 222 9 777 4 222 88 44 66 99 333
44 9 777 5 22 4 2 99 7 9 33 66 6 1 44 55 55 333 1 9 4 11 1 55 7 1 99 33 333 88 5 9 99 22 6 1 4 888
44 33 2 44 8 555 33 777 66 333 1 444 77 3 55 666 66 88 9 22 33 3 99 6 22 77 9 9 111 33 8 7 22 2 111
777 3 55 888 1 222 444 99 99 11 77 22 111 777 55 222 88 555 3 3 2 777 111 88 99 333 77 88 2 4 888
44 444 8 6 555 99 66 66 444 4 11 88 111 4 77 1 33 444 66 6 111 66 7 444 6 333 66 444 222 77 777 66
66 1 33 3 555 55 6 111 777 333 66 3 11 555 99 5 444 88 11 11 44 44 55 44 777 44 555 44 333 1 99 5
555 111 111 777 222 2 88 99 44 777 555 88 2 8 9 1 777 9 9 666 7 444 222 6 4 6 5 11 2 3 2 888 22 1
6 22 222 777 2 7 1 888 88 8 99 333 9 777 55 444 88 444 66 4 88 3 5 222 777 33 666 555 11 666 11 33
444 5 88 5 3 9 1 333 333 5 1 1 444 555 33 888 6 9 22 2 22 8 77 6 22 6 666 3 99 333 444 555 9 99 333
33 4 222 111 444 66 99 22 6 777 666 1 88 44 4 666 222 22 2 9 88 11 555 4 555 88 55 888 555 11 888 5
8 888 444 555 3 11 88 222 88 88 8 22 77 3 11 555 22 1 55 33 1 99 6 6 99 2 888 1 1 444 4 8 777 7 9 3
9 111 9 777 6 2 888 99 2 9 222 333 333 99 222 44 9 333 11 88 66 333 6 111 66 222 6 44 111 77 666
222 333 3 5 9 44 8 7 88 3 22 777 2 9 4 6 555 444 7 888 333 66 5 4 444 77 666 222 222 99 77 111 777
99 444 555 9 77 77 888 55 8 555 222 44 9 1 88 1 8 222 777 333 8 88 888 9 222 111 888 6 111 9 9 6 4
66 2 88 444 3 55 777 333 222 111 888 333 66 555 5 3 4 444 222 8 7 555 3 444 88 333 444 2 77 44 8 77
111 222 99 11 9 44 55 11 33 8 1 22 77 777 7 8 1 44 7 6 6 1 333 2 444 777 444 6 666 666 4 1 9 9 55
9 22 5 111 1 333 777 1 7 3 66 6 888 22 1 22 88 888 11 88 1 9 88 33 66 8 1 2 7 77 8 88 9 88 333 5 22
666 99 111 444 3 11 11 99 6 22 444 888 888 44 8 6 222 77 333 55 9 77 22 111 8 444 88 88 77 22 3 8 9
111 44 4 8 7 7 55 888 5 444 11 111 66 666 777 88 77 888 9 11 55 88 1 777 5 5 9 111 222 6 6 444 6 4
2 1 3 777 4 33 222 666 111 888 888 44 9 3 1 111 666 88 5 1 333 7 2 5 99 555 666 3 1 666 8 111 99 4
333 444 777 111 111 6 33 666 111 44 99 3 2 888 99 9 33 8 333 555 77 111 77 2 333 6 9 1 99 99 55 88
1 66 66 666 111 66 444 11 33 777 111 2 6 777 33 4 88 333 444 6 555 444 99 9 555 9 777 111 2 444 22
888 666 8 3 3 444 111 9 2 111 4 44 88 8 4 555 77 22 99 8 444 1 22 444 9 5 222 77 666 7 77 77 666
11 88 777 5 33 8 11 66 5 5 2 333 777 77 666 777 333 333 444 9 2 4 888 22 444 22 9 333 111 99 88 222
22 77 11 555 11 333 77 666 6 9 55 55 22 777 2 22 444 777 2 66 8 99 77 555 33 555 55 33 4 6 9 22 99
333 99 666 888 77 888 5 555 1 3 44 888 666 99 2 8 2 9 111 1 111 6 4 1 777 77 1 4 777 222 22 2 666
333 222 7 2 444 7 888 22 4 555 33 6 88 333 444 222 555 7 6 444 44 8 7 1 7 55 99 111 222 5 4 44 2 4
66 333 222 22 888 333 222 22 3 44 8 8 888 55 3 2 888 22 33 3 33 6 99 666 5 555 66 99 3 33 22 3 3
66 9 1 888 22 666 99 444 666 11 555 99 666 5 55 222 666 55 77 77 11 6 44 333 555 77 1 77 9 222 3 1
99 1 22 9 88 88 7 22 99 111 99 666 333 9 111 22 77 4 1 6 4 88 666 77 7 55 1 1 9 66 88 5 1 5 5 77
111 55 1 5 3 4 11 777 6 777 99 8 8 9 7 88 888 3 888 2 111 4 33 66 222 777 66 555 8 44 33 22 6 99
1 3 444 666 5 66 99 777 2 11 9 6 88 11 111 333 555 888 77 444 9 111 99 99 11 888 5 5 9 77 22 2 55
2 9 7 111 2 555 666 9 111 11 33 222 99 444 333 9 33 666 1 444 9 111 111 99 9 99 444 99 777 9 55 33
9 55 88 666 333 666 777 555 44 3 88 66 111 5 44 1 7 77 444 7 33 44 5 44 77 3 111 33 99 9 444 555 77
88 777 88 222 777 222 77 66 2 88 444 555 66 2 3 777 444 222 333 9 44 2 88 33 88 777 555 11 5 6 888
66 6 6 2 55 66 66 333 77 66 1 666 9 77 11 88 22 5 7 333 777 666 777 11 888 666 66 444 3 55 7 666
88 444 8 555 9 5 66 333 222 88 5 1 77 444 777 11 555 8 88 66 88 444 888 66 444 9 9 444 88 777 666
11 11 9 88 888 7 9 9 22 33 88 666 333 3 88 88 11 8 1 444 444 33 33 3 77 22 5 1 333 8 99 111 88 1 9
333 99 6 222 555 666 33 555 77 1 99 77 555 99 3 7 11 9 3 555 55 222 888 9 4 55 33 99 99 333 66 7 33
66 444 99 444 444 555 55 3 66 888 9 222 111 3 88 333 111 9 4 66 11 9 555 2 888 666 77 88 2 6 33 99
444 777 66 9 3 222 1 77 5 666 99 1 555 444 3 4 222 5 55 777 99 8 99 44 66 777 99 9 7 333 33 77 7 8
222 77 666 1 22 77 888 6 333 555 77 55 555 2 66 1 8 7 4 333 666 111 66 88 3 4 111 11 3 2 555 333
444 555 88 9 99 1 777 7 9 3 4 2 9 555 66 99 3 111 55 44 6 33 88 444 4 333 2 5 9 3 777 9 66 44 9 888
8 555 8 333 777 4 4 55 2 4 33 55 555 222 555 777 5 7 99 7 333 9 5 222 9 33 3 33 5 66 444 9 7 4 777
333 5 44 9 55 555 9 33 2 888 88 6 11 55 777 777 8 77 8 555 555 5 777 77 555 888 99 88 11 777 9 111
6 888 66 22 2 333 444 111 2 33 55 66 44 333 77 222 666 33 333 333 444 2 444 4 111 11 333 8 7 55 333
66 88 99 66 88 4 11 3 222 888 77 66 4 8 555 3 666 9 99 888 3 33 11 2 7 444 222 888 5 66 5 444 2 8 5
222 77 2 55 22 666 5 666 9 1 11 33 5 111 8 99 1 555 88 111 1 7 1 11 66 66 2 3 44 666 777 33 4 8 3 6
5 22 3 222 4 99 44 66 44 9 4 777 1 88 666 555 888 1 88 77 333 6 333 22 33 2 33 55 8 77 1 1 111 777
55 22 2 333 8 8 666 2 222 33 2 2 555 222 66 888 222 99 666 3 1 777 333 88 9 444 11 111 2 111 44 66
5 555 888 555 9 888 444 22 9 77 8 2 555 99 77 33 666 8 7 666 333 6 9 8 6 3 9 11 33 1 666 66 777 2
444 9 11 55 11 99 111 4 44 66 222 666 88 4 9 55 6 222 77 6 22 6 2 2 9 5 22 33 22 99 666 2 2 33 666
77 111 55 99 555 4 22 88 3 77 7 333 99 9 6 9 8 88 777 3 333 222 88 444 77 666 5 22 66 11 555 9 1 2
5 33 111 9 222 33 2 888 444 9 444 666 555 6 333 2 11 8 555 22 888 777 1 22 44 9 99 7 6 88 88 1 9 5
44 5 77 9 8 44 99 5 5 888 5 5 7 99 777 4 99 66 222 7 77 4 6 66 555 2 111 666 4 111 888 33 555 99 22
4 5 111 444 66 9 44 11 3 222 99 66 88 888 11 44 99 9 44 33 2 55 888 666 7 777 444 1 11 66 2 4 55 99
111 5 1 777 8 7 222 7 1 44 88 666 8 99 333 222 8 5 7 11 333 7 88 44 66 555 88 3 555 99 22 77 777 44
77 6 5 9 666 44 666 4 555 333 888 666 222 44 3 444 222 888 55 66 6 99 8 11 5 33 99 22 666 11 555
111 888 44 22 777 888 33 66 3 222 6 6 8 1 7 22 88 33 99 44 888 55 111 77 333 33 222 33 11 333 444
88 444 1 6 22 4 1 44 8 222 7 4 11 222 6 111 33 5 666 7 8 99 555 2 88 1 444 6 33 77 4 444 8 111 333
111 555 11 33 88 44 222 444 33 4 6 888 7 66 7 111 3 888 9 777 55 2 1 444 555 99 11 9 9 444 99 888 9
77 4 88 222 44 8 2 33 777 888 55 44 8 6 99 4 22 5 2 1 666 444 6 444 888 55 888 88 555 77 5 6 777
7 333 33 666 99 777 33 3 22 5 9 2 111 6 111 77 9 22 333 1 7 22 444 77 9 3 111 99 33 1 4 555 333 333
44 99 666 33 77 7 5 333 44 44 333 333 666 8 222 9 888 44 55 6 5 66 88 555 3 111 444 777 3 4 222 3
333 44 88 77 6 88 3 8 6 55 5 666 1 8 3 5 111 777 55 555 6 333 6 444 2 111 9 44 222 7 111 2 444 5 8
2 6 22 5 8 99 555 4 33 2 444 9 7 333 3 1 99 99 4 888 11 99 6 555 3 55 77 77 55 333 222 88 333 444 9
6 888 44 1 2 44 6 9 44 3 1 666 5 222 888 8 3 444 777 2 5 4 555 44 5 3 777 444 88 333 22 66 5 4 11
44 77 66 5 555 8 66 666 222 1 888 555 88 888 888 77 7 22 888 1 77 9 9 777 7 55 777 99 7 6 11 44 666
7 77 777 444 5 777 88 9 111 3 22 1 99 555 5 333 9 444 6 222 777 3 333 11 44 55 11 3 99 555 4 99 77
6 99 33 77 99 44 8 11 1 5 11 222 33 1 222 33 7 777 444 66 11 7 2 2 444 555 2 333 7 333 222 77 44 77
77 111 99 1 8 55 666 8 1 66 55 88 3 888 33 77 33 66 888 99 5 9 44 11 666 66 333 555 9 888 44 99 7 1
33 8 6 55 3 3 444 99 33 77 33 111 555 99 7 7 1 111 6 3 99 888 777 4 99 9 88 5 9 444 44 5 777 333
4 888 8 77 888 66 2 222 2 88 4 88 555 555 44 6 99 2 555 8 44 55 33 3 77 444 9 77 8 888 111 3 2 5
222 66 2 222 66 888 777 555 99 55 2 99 888 8 99 99 5 666 333 9 9 4 111 666 8 55 666 99 888 1 777 9
99 444 66 8 888 111 888 7 11 5 6 77 111 99 9 77 8 1 333 5 7 55 33 777 66 555 33 66 5 111 444 9 888
444 3 666 555 8 1 44 444 4 77 77 888 55 99 2 77 1 88 9 333 33 1 33 555 33 333 333 66 9 33 44 99 66
99 555 22 6 55 111 8 1 22 88 888 5 8 666 22 4 33 44 6 9 6 9 444 6 666 66 9 3 3 555 9 777 555 777
444 5 66 66 5 99 444 44 444 99 66 6 777 99 4 222 4 444 4 9 11 111 3 444 3 2 66 666 222 99 444 555 9
6 111 777 77 7 444 9 2 33 666 9 8 77 8 99 3 55 7 4 2 11 9 88 333 4 99 55 333 55 8 111 555 99 2 88 2
888 22 8 33 444 99 22 777 222 444 6 55 2 1 9 777 99 3 777 66 77 222 88 8 7 6 888 22 88 55 6 77 5
4 9 2 555 4 1 6 6 9 333 444 99 9 55 888 6 777 99 5 444 777 3 99 3 77 3 77 666 3 99 444 1 33 22 66
66 5 44 6 8 33 88 333 11 1 66 66 33 666 44 5 333 33 9 555 222 9 777 2 6 9 22 6 9 1 8 333 8 6 5 9
11 9 444 44 55 9 5 444 555 77 2 88 2 555 99 3 888 222 9 22 8 3 444 7 77 111 66 11 8 444 7 666 22 77
666 9 66 2 3 6 222 7 33 2 55 7 9 333 44 222 4 4 666 777 1 444 6 66 888 88 44 44 44 1 111 44 77 3 8
1 8 666 1 5 666 77 4 88 22 111 7 7 666 222 77 88 33 11 77 666 11 222 3 9 11 8 2 6 666 2 22 44 777
8 88 9 222 66 777 111 9 444 888 111 22 9 22 8 333 44 7 22 555 66 555 1 55 9 5 9 888 33 888 77 111 4
666 2 111 33 333 4 11 33 55 555 7 777 33 111 888 555 333 333 9 44 666 3 9 777 666 33 6 7 444 2 3 1
666 11 6 555 3 1 666 1 11 99 88 22 9 4 6 555 777 88 99 11 55 666 888 3 1 222 4 9 3 4 44 666 333 77
88 99 777 333 55 88 44 666 8 2 6 7 22 33 66 888 55 66 77 444 8 66 3 11 33 99 777 3 6 88 4 66 77 22
3 11 2 9 9 222 33 555 55 2 11 77 5 55 11 555 2 2 66 111 7 88 7 555 2 88 333 444 6 33 2 9 99 666 55
22 111 111 4 6 444 4 5 22 222 888 555 333 1 11 55 8 666 33 88 33 111 5 555 666 99 9 3 888 5 888 33
4 777 555 44 66 55 9 2 777 666 5 9 555 55 3 8 777 5 66 111 9 8 11 333 5 444 6 333 8 7 888 7 888 4
777 7 11 55 555 4 1 77 333 9 11 8 5 8 555 1 7 8 222 222 22 111 3 77 8 44 4 1 11 33 5 11 99 55 4 333
666 444 333 7 222 111 22 111 111 333 666 555 66 8 666 444 666 111 4 22 777 44 66 3 2 444 22 9 33 66
333 555 4 222 1 777 777 88 888 3 77 33 99 555 777 4 9 77 8 2 33 11 555 99 9 77 5 33 333 7 444 888 9
55 5 888 7 555 22 9 2 7 888 9 77 22 44 4 1 9 11 22 33 1 99 6 2 77 666 444 555 9 333 55 333 66 1 777
333 88 777 666 55 8 444 333 111 33 99 8 5 2 22 6 9 44 99 777 77 55 444 8 444 6 88 777 111 222 777
99 77 6 888 99 33 222 7 5 77 5 5 555 555 444 666 3 1 444 88 666 22 8 8 888 6 99 111 7 3 7 111 666
222 111 4 333 2 6 9 4 3 444 7 1 3 77 888 44 444 44 55 4 8 222 3 44 77 3 9 88 333 3 33 99 5 888 3
11 666 4 777 44 555 8 99 99 3 9 66 3 5 555 5 777 666 5 7 9 5 9 7 11 2 666 555 333 33 777 9 2 111 44
5 22 8 88 55 44 777 666 888 3 4 8 777 99 1 1 666 333 5 777 44 6 33 6 8 88 3 888 555 44 3 66 33 88 3
555 1 666 4 22 33 222 99 2 2 8 222 444 99 55 6 555 333 888 99 44 22 99 99 222 9 3 55 77 33 55 66
9 9 11 3 4 99 5 55 1 2 555 77 5 7 333 666 888 444 8 555 7 444 2 777 555 777 55 6 8 6 22 333 9 6 6 3
33 88 5 8 55 33 22 88 3 9 5 1 333 8 777 4 99 666 9 555 222 88 6 11 666 77 33 8 111 111 666 111 222
444 8 6 3 8 333 11 44 111 444 22 222 888 888 9 88 3 7 44 6 222 5 666 22 111 88 333 99 99 9 77 7 33
111 4 1 666 55 6 44 55 333 99 5 66 6 444 888 6 11 44 22 66 111 3 333 22 444 1 222 222 888 7 77 666
99 4 777 88 1 9 4 5 66 222 777 66 66 777 55 777 11 9 7 333 888 222 444 66 99 5 6 555 3 55 88 222
99 1 666 33 33 8 222 2 9 333 11 33 1 66 4 333 44 99 3 111 444 99 2 22 33 9 44 777 444 111 99 33 11
333 555 6 77 777 888 77 777 333 444 888 8 9 7 5 77 99 4 66 1 55 4 66 33 333 5 5 333 88 7 99 333 888
33 11 8 22 6 5 777 77 3 2 66 55 8 4 88 8 9 777 99 666 1 11 44 33 66 77 3 33 1 5 4 9 222 4 99 111 9
5 5 55 7 99 88 9 66 33 888 888 99 55 22 99 2 1 99 1 9 777 3 222 666 44 111 6 444 333 333 3 22 22
11 66 55 777 444 4 1 99 4 7 7 666 6 66 222 33 1 9 6 2 222 4 444 1 555 99 5 3 4 7 6 111 222 111 333
1 77 4 2 55 33 99 55 6 22 777 2 111 77 333 111 11 6 33 555 2 66 2 1 88 444 77 77 6 111 88 3 55 99
222 77 333 777 777 888 444 333 333 1 6 99 66 33 22 99 111 1 888 33 666 3 444 99 44 55 9 22 3 444 4
1 5 222 222 88 44 55 8 55 99 4 55 11 666 222 22 99 66 9 66 55 77 66 9 66 55 111 666 99 8 66 7 444
111 4 11 1 1 99 44 5 1 7 4 7 555 2 5 777 777 33 4 5 55 55 777 66 8 444 222 11 77 77 8 5 4 5 4 88
1 5 1 88 666 555 7 99 2 44 6 222 4 22 99 44 66 777 555 555 33 66 777 1 1 333 111 5 44 111 77 444 9
99 9 99 1 8 11 1 5 55 3 666 44 77 11 99 333 222 5 888 7 3 8 555 7 44 888 888 3 222 3 77 11 66 3 9
222 99 444 4 99 44 222 66 777 5 88 5 222 777 22 2 2 33 777 7 555 88 4 7 3 888 111 22 33 111 11 555
6 99 88 333 2 4 444 9 777 1 555 9 22 7 222 99 8 22 444 3 9 777 99 333 22 555 66 555 9 777 7 666 55
555 3 88 6 9 666 55 3 888 77 9 6 22 11 111 44 3 888 777 8 88 7 55 777 555 88 3 44 555 4 333 88 8 99
444 22 9 8 333 888 4 777 7 99 6 11 1 777 66 2 33 111 88 77 11 222 6 666 8 111 9 5 44 4 99 9 111 33
7 66 66 333 2 7 333 9 7 66 4 111 77 888 3 11 88 444 3 66 888 777 1 11 3 55 888 6 555 666 88 222 4 3
33 6 111 5 11 777 7 666 99 77 5 4 222 1 6 22 6 5 44 66 333 33 2 9 55 5 8 555 66 8 555 444 777 666
333 3 222 222 222 444 111 444 3 1 77 44 444 4 4 888 88 9 7 4 7 8 11 22 4 2 4 111 8 55 3 666 7 88 4
111 6 222 9 6 111 88 777 555 22 777 44 9 99 1 777 7 5 555 5 444 3 44 333 44 44 777 6 8 444 8 333 55
22 77 33 9 8 99 2 555 333 66 88 66 44 99 77 22 2 88 8 11 88 33 111 777 111 99 666 4 2 222 444 9 5
444 44 777 5 4 333 6 44 55 1 66 99 11 111 3 2 9 33 33 44 666 33 7 99 2 44 8 9 9 4 444 222 88 888 44
3 2 333 111 6 33 88 3 9 666 7 66 33 111 22 1 8 4 44 66 2 22 3 888 44 11 3 222 99 9 4 555 6 888 555
44 66 11 4 7 5 2 333 222 1 444 888 333 7 99 22 5 444 66 333 6 88 66 9 44 333 444 222 8 66 8 9 222
88 444 555 6 33 222 11 1 4 11 111 333 99 99 888 1 333 555 44 555 6 7 888 444 8 9 22 222 66 6 22 44
888 9 5 9 8 111 1 888 555 888 77 5 3 555 33 1 55 3 11 99 55 6 8 55 33 88 1 222 888 9 6 888 8 11 5
7 3 99 77 111 5 44 5 3 55 2 55 7 4 1 111 66 7 4 66 444 22 88 88 99 222 333 44 88 111 111 22 5 7 3 3
111 777 33 2 44 33 22 444 66 4 111 44 22 3 7 22 4 11 5 66 55 8 66 2 555 55 7 99 9 2 22 99 333 11 5
8 77 333 777 77 666 3 777 777 44 888 333 1 99 99 11 4 3 9 88 11 888 66 222 5 77 555 9 6 9 555 8 22
3 777 8 55 11 6 22 555 5 5 777 44 22 55 9 5 22 8 222 33 666 888 4 6 111 11 555 88 7 3 222 777 888 8
6 444 222 8 33 2 888 111 88 44 99 8 111 444 8 5 11 4 7 44 333 99 3 11 3 9 11 666 888 444 44 9 2 7
55 888 11 777 333 55 44 66 99 777 333 888 555 3 4 6 9 2 555 8 66 444 111 555 66 888 5 3 777 888 333
222 111 77 5 444 1 9 2 888 111 2 99 111 666 444 2 6 777 22 66 1 8 88 222 777 77 22 88 55 555 9 99
555 666 4 3 333 8 3 88 88 777 88 444 66 11 777 888 333 8 6 66 3 33 9 11 444 7 22 888 4 111 3 222
55 222 777 8 4 77 2 55 77 11 22 66 55 2 333 8 22 555 55 66 888 44 333 2 11 8 7 111 99 4 33 11 66
666 88 555 6 222 555 333 9 1 88 8 888 55 2 55 111 7 555 2 222 99 99 77 111 666 66 555 5 22 222 666
7 9 666 9 77 66 888 6 66 11 333 66 444 5 8 4 5 9 11 777 33 1 5 88 8 11 8 6 7 6 33 1 9 444 777 66 11
22 777 99 555 1 555 111 2 11 9 55 777 33 333 22 7 222 11 66 3 9 111 555 55 8 444 555 9 444 44 4 9
44 88 5 55 11 11 77 6 88 33 77 99 2 555 333 33 77 555 222 4 666 33 5 55 444 6 7 5 333 8 4 88 888 3
111 2 4 777 33 99 33 7 111 555 11 88 8 88 22 1 9 333 22 99 2 22 8 777 6 44 66 99 66 66 77 6 5 3 777
7 99 66 99 6 2 2 2 8 222 777 7 4 444 66 99 11 666 888 444 8 66 99 5 444 111 111 777 9 9 1 33 555 7
55 44 555 22 66 66 66 77 4 888 77 9 111 33 9 88 55 5 5 88 22 22 555 11 55 777 6 333 2 66 11 9 111
99 6 222 66 666 99 777 777 22 5 77 66 666 888 44 444 7 66 55 77 22 7 99 222 77 77 666 33 2 5 2 6
9 1 66 99 3 22 777 22 555 4 66 55 99 888 5 888 888 77 55 6 1 88 5 99 2 1 4 44 111 3 44 7 333 99 99
333 555 33 8 88 333 888 2 444 2 444 2 3 2 88 222 2 555 1 5 9 222 8 222 5 1 1 22 444 222 222 22 44
666 444 9 555 8 55 55 7 99 77 22 6 333 66 5 444 55 33 4 11 222 888 666 111 2 1 33 66 3 8 6 888 9 33
777 222 9 4 2 333 9 6 88 3 66 222 8 11 444 11 55 9 222 222 44 8 5 555 333 33 33 111 66 1 99 777 33
2 111 8 9 777 66 888 111 2 555 8 777 77 444 222 9 111 77 555 44 444 7 555 7 99 666 55 888 88 9 9 88
222 111 22 22 2 99 66 1 44 77 77 9 9 11 99 333 4 5 33 444 33 99 2 55 555 444 777 666 666 4 8 3 88
555 99 444 8 2 88 222 444 666 8 88 777 1 44 3 666 11 33 777 99 777 9 77 9 333 5 222 99 666 222 77 4
222 55 111 44 888 11 5 1 111 55 11 22 6 4 9 88 3 99 33 444 88 33 11 5 11 11 888 222 99 2 88 2 2 1
44 44 6 9 99 111 33 8 1 8 33 88 888 3 1 99 22 44 1 6 9 44 22 777 55 8 222 4 4 22 6 555 11 6 77 66 9
77 33 11 44 444 555 6 9 4 5 333 22 555 8 3 9 7 2 11 3 333 9 4 22 88 55 888 888 888 44 77 66 4 111
77 7 7 444 99 111 3 66 222 4 22 6 888 44 9 9 444 66 6 99 1 11 5 4 22 9 44 4 77 111 6 88 333 7 66 9
777 111 11 44 666 22 3 88 33 1 444 77 9 55 111 7 444 666 222 333 22 66 3 7 6 444 222 5 1 3 4 55 66
555 11 111 7 44 777 99 111 6 5 99 55 1 5 333 555 6 22 9 22 777 99 333 5 1 2 5 11 9 44 6 666 99 9 3
77 666 99 666 444 99 33 22 666 333 666 44 5 555 111 444 555 666 5 11 555 4 8 9 11 111 9 66 77 4 1
5 11 3 88 1 66 333 11 5 33 11 2 3 2 222 222 555 888 2 44 9 333 44 4 66 66 66 77 5 7 444 11 7 4 2 4
11 333 1 777 7 99 22 7 99 666 555 99 9 222 55 9 3 222 88 7 77 4 444 555 99 333 9 5 666 6 777 666
99 88 77 66 111 88 777 555 2 111 1 333 22 9 5 2 8 9 55 33 222 444 333 6 111 99 55 111 777 333 11 5
6 7 9 99 88 22 8 9 9 444 333 8 5 3 555 1 44 22 7 55 9 333 11 8 8 444 333 11 77 111 333 6 44 888 99
3 88 444 11 2 333 22 888 4 33 33 7 888 55 22 55 333 55 6 666 9 66 555 444 777 9 6 11 66 3 666 77
8 4 77 33 555 888 111 2 11 444 222 7 4 8 2 7 99 1 44 8 555 111 8 9 333 55 4 55 888 8 99 66 888 888
2 77 8 9 6 1 66 1 66 9 3 11 5 555 3 22 1 777 9 11 9 666 888 11 55 111 22 666 888 333 777 44 555 777
111 222 444 6 44 8 99 88 6 77 11 22 88 7 1 33 99 333 99 666 6 111 2 99 555 111 444 2 9 6 9 11 5 9
33 333 222 3 777 444 888 5 555 66 4 333 9 6 8 5 88 11 888 9 555 55 88 1 444 444 11 9 2 1 88 555 6 5
555 66 7 11 8 5 66 88 9 55 888 444 66 99 99 6 9 7 888 222 55 111 6 666 88 333 3 66 33 11 3 222 99
1 3 77 1 888 777 77 222 444 11 2 777 9 666 7 444 22 111 111 33 555 444 666 444 6 88 9 888 777 9 222
9 99 111 22 66 11 9 888 33 555 44 55 4 6 6 777 22 33 6 66 99 11 55 99 666 1 333 666 222 5 444 222
333 33 444 11 444 7 99 8 666 555 5 5 555 333 8 2 55 77 666 666 33 44 8 11 99 66 44 888 888 222 888
111 888 333 888 4 4 777 8 5 4 11 44 22 7 22 66 22 666 2 555 666 444 111 333 111 444 6 3 333 333 444
333 33 222 55 333 4 99 66 55 9 7 1 333 7 111 77 111 1 777 666 88 333 333 4 5 4 99 888 888 444 888
444 33 8 11 7 22 444 66 2 44 2 666 888 7 66 66 88 7 55 8 888 1 3 888 44 22 99 99 333 99 444 777 1
55 333 222 8 88 111 4 5 33 88 444 777 44 333 5 99 11 88 5 111 666 8 555 99 1 77 6 222 66 888 88 99
44 4 7 99 99 77 4 4 888 88 444 7 7 99 77 666 99 2 2 444 11 3 8 77 5 111 5 99 333 111 5 99 11 66 444
3 44 333 7 5 8 666 9 222 555 7 5 333 111 8 33 33 99 777 7 8 9 88 222 66 2 33 77 555 4 444 444 22
6 8 111 9 111 1 11 99 55 6 7 555 66 88 99 333 333 66 3 22 9 5 9 66 55 333 111 55 7 33 222 111 1 444
11 8 444 333 4 111 55 8 22 4 9 22 333 99 99 777 3 55 33 2 111 777 22 888 222 99 6 9 4 66 88 55 8
22 333 11 6 6 3 22 8 8 11 222 2 9 99 222 111 555 66 333 99 111 33 666 3 222 2 55 666 2 777 777 555
55 222 9 99 777 22 99 33 8 55 66 7 8 66 666 3 7 2 5 6 9 99 55 4 88 666 333 6 555 6 1 4 222 111 555
444 888 9 77 9 77 66 8 88 66 8 11 555 55 88 7 7 444 5 333 3 99 22 1 3 22 888 666 111 6 8 8 111 333
3 7 88 111 1 77 6 33 1 5 99 2 111 555 4 66 222 22 11 55 777 44 111 11 6 77 666 777 9 4 77 333 99
1 66 1 4 66 9 66 777 5 5 77 66 33 2 44 9 55 77 2 3 2 11 7 55 11 77 1 33 222 44 2 22 333 77 6 333 4
55 111 7 6 9 777 33 666 99 9 2 22 44 22 11 9 77 333 11 222 4 1 44 4 111 2 55 777 7 7 8 222 2 666 11
555 55 9 888 555 4 666 888 99 4 444 44 66 9 6 11 66 22 33 3 77 5 99 99 777 77 4 9 7 66 111 5 3 888
66 66 111 55 88 44 88 66 22 33 111 1 88 222 777 33 88 5 333 22 3 9 6 99 66 22 55 222 66 777 888 111
4 4 6 88 33 1 11 888 8 8 888 5 111 888 8 111 777 8 777 77 44 6 2 6 55 22 777 88 222 888 666 777 222
4 1 9 555 9 1 22 7 3 55 9 99 44 44 666 555 888 55 444 99 8 555 333 33 8 1 333 7 5 777 666 99 777
88 6 7 11 222 8 99 99 22 6 55 44 111 333 2 7 7 555 7 44 11 99 99 4 8 77 44 555 4 444 2 55 8 444 2
2 4 33 3 33 777 33 333 666 888 33 1 666 777 777 55 3 66 9 333 7 6 33 44 1 11 77 333 333 888 66 77
77 777 444 33 666 8 8 7 22 1 888 666 9 2 222 55 4 3 5 6 22 9 111 6 1 888 8 22 44 9 111 7 44 888 444
9 3 77 1 8 7 333 333 4 6 555 5 888 888 222 1 3 5 33 333 33 222 44 99 44 4 666 77 11 111 9 6 33 6 5
777 2 33 444 66 55 77 99 22 2 111 111 888 5 8 4 44 888 9 555 9 22 22 77 33 22 99 8 33 888 9 22 3
4 555 55 9 333 44 8 8 888 99 1 55 8 666 9 3 2 9 9 8 55 77 888 555 77 1 77 444 3 33 99 111 88 2 99 2
444 555 88 3 99 777 2 66 77 888 99 1 99 11 88 888 3 5 99 5 99 222 2 444 4 55 66 888 11 55 5 77 7 22
9 77 22 22 88 66 22 2 333 9 222 77 44 888 33 222 11 777 4 99 1 66 22 4 44 66 111 88 8 9 11 6 44 111
8 9 222 6 11 333 888 666 77 777 5 4 1 77 444 11 222 7 3 33 44 888 4 9 8 222 555 99 1 777 333 88 22
333 99 4 9 88 9 3 88 888 444 55 666 1 1 99 33 1 1 2 333 8 99 777 444 3 22 3 6 666 1 44 99 66 5 5
444 5 333 9 2 2 66 33 888 55 3 55 55 66 22 88 33 33 22 8 333 444 666 99 555 11 99 777 4 8 8 5 22
33 44 555 11 11 44 4 5 77 5 111 22 333 77 55 5 99 1 777 99 777 77 99 1 444 22 77 666 111 888 99 9
777 777 6 88 77 7 444 4 22 99 4 333 44 222 888 6 3 99 5 22 9 1 888 3 44 777 888 444 99 99 5 9 777
666 666 1 88 11 2 444 7 11 555 22 1 77 99 888 1 44 4 99 44 66 444 99 444 66 666 22 222 88 2 888 666
7 9 444 6 66 2 6 111 222 777 77 333 55 9 222 666 88 33 4 66 6 333 444 22 99 77 55 444 77 66 2 66
888 22 11 55 2 33 555 6 555 111 3 6 3 2 7 7 555 33 333 222 888 55 111 222 2 6 555 6 666 111 6 55 11
7 99 888 22 77 3 44 5 66 5 3 55 11 6 222 7 1 6 888 33 4 888 6 4 2 3 77 222 2 333 99 55 99 888 555 9
3 66 777 33 11 5 77 6 555 66 11 22 22 99 77 77 22 222 66 333 9 4 3 6 22 555 88 3 222 111 11 9 33
7 66 55 9 2 6 99 8 3 9 22 5 222 99 666 44 77 44 111 2 9 11 7 111 9 77 44 4 3 5 99 333 55 2 77 555 8
7 111 88 33 9 88 777 55 6 44 666 444 8 99 333 99 555 222 99 66 888 888 9 3 9 888 222 6 333 66 777
9 33 55 6 9 2 555 444 99 444 4 777 66 666 88 77 66 77 66 77 88 2 44 55 99 444 6 11 3 666 22 5 2 777
44 333 222 555 77 111 666 4 8 11 5 8 555 111 3 555 22 55 111 11 55 3 7 2 3 3 555 99 33 33 5 888 9 5
9 1 777 4 777 888 55 444 55 2 99 77 77 111 88 111 222 888 333 3 22 9 3 55 666 44 9 66 44 9 77 2 1
8 555 7 8 33 777 11 9 666 99 99 7 9 9 222 11 7 7 555 44 88 3 66 33 8 111 9 666 4 8 1 88 555 99 2 9
22 666 88 5 888 2 555 22 8 888 9 3 6 2 777 666 444 2 8 33 333 111 99 2 2 333 9 8 2 44 66 111 222 22
8 9 888 666 888 444 6 99 9 88 77 555 4 111 9 22 777 111 77 55 444 44 9 1 3 888 333 7 777 99 333 7
9 333 1 44 55 111 444 88 666 99 5 777 66 4 444 88 77 66 9 66 7 55 99 777 1 33 22 11 99 666 2 777 1
5 44 11 9 77 44 333 7 3 2 6 2 7 22 9 22 3 555 8 33 44 777 444 99 2 11 444 333 5 777 44 88 99 555
5 4 9 99 88 777 444 4 99 888 22 99 222 77 111 444 555 33 444 3 44 99 5 88 333 66 22 55 99 5 777 8
6 88 777 555 66 1 77 444 66 6 1 6 55 6 1 7 777 555 22 66 444 88 8 444 222 55 8 8 3 777 8 1 2 66 22
99 8 9 3 66 3 222 1 77 33 4 888 33 11 3 55 9 444 3 7 666 777 11 777 44 777 7 7 99 99 333 777 9 33
777 5 66 2 7 444 555 7 33 111 77 2 6 666 777 222 444 99 88 8 77 444 99 99 222 7 888 3 8 33 111 444
33 444 111 2 7 77 22 9 3 111 5 33 8 88 3 222 99 6 77 9 6 88 99 66 555 222 9 888 9 66 222 9 55 7 2 6
11 22 333 11 2 6 44 9 333 44 4 99 8 11 44 44 9 55 777 99 333 7 66 11 11 11 77 99 99 111 77 66 33
333 22 5 66 55 333 44 9 99 1 66 1 5 66 99 8 6 777 66 22 6 44 33 33 888 3 44 3 888 2 555 888 888 1
777 111 9 3 666 111 66 22 9 99 7 4 2 88 99 6 222 5 5 2 22 1 666 666 6 3 5 99 777 66 8 4 9 99 77 6 8
5 6 8 11 555 11 222 888 111 44 11 55 88 222 555 66 99 11 66 333 666 2 99 77 6 44 2 666 55 777 9 6
6 3 2 111 666 5 222 444 666 111 33 444 222 1 88 3 55 8 222 666 99 8 222 99 88 6 7 88 5 111 8 6 777
33 66 666 99 9 5 77 7 9 1 4 444 33 444 666 333 666 444 33 444 4 11 99 55 5 6 444 9 11 111 2 9 333
333 7 333 3 777 555 66 333 9 666 6 666 555 3 3 333 1 111 66 22 22 88 99 44 444 777 22 8 4 777 555
11 22 99 3 66 9 44 555 88 5 22 1 2 99 2 2 88 55 8 9 777 6 1 666 9 444 4 666 22 666 9 2 22 66 6 111
4 7 777 33 11 99 4 888 2 66 5 77 2 444 5 444 22 88 9 3 5 66 111 4 66 77 99 3 5 77 7 44 333 555 222
2 111 99 99 555 666 1 444 7 1 55 22 111 11 888 555 33 11 77 222 555 44 66 222 77 2 777 111 9 9 22 5
8 888 666 5 11 3 88 333 33 22 6 9 444 9 66 222 9 1 2 55 5 4 1 33 99 444 99 333 5 888 33 55 7 666 8
66 444 55 111 33 22 66 88 3 66 555 6 4 5 222 777 11 5 5 44 7 5 9 555 444 55 6 555 777 99 44 1 44 44
2 777 333 444 99 4 7 2 11 44 555 333 9 55 99 88 9 222 7 9 66 666 6 22 1 33 1 22 3 666 11 77 4 4 55
8 222 9 666 99 77 66 33 666 444 55 888 77 6 7 9 8 33 22 4 8 88 8 666 111 666 8 444 1 33 444 777 777
222 666 333 7 6 555 9 66 666 11 666 44 888 99 777 1 222 9 55 7 7 111 8 111 3 9 777 1 11 333 555 3
6 1 333 2 5 33 555 666 33 555 555 333 66 444 9 777 5 555 555 8 7 3 555 44 7 777 3 33 99 555 44 666
555 22 888 11 1 77 555 555 7 777 8 888 66 99 555 44 3 9 6 11 555 888 444 666 7 6 99 6 99 111 22 666
66 6 444 66 4 333 222 33 33 77 3 8 7 7 777 222 66 88 11 22 111 333 33 99 99 33 77 99 77 111 11 66 9
6 1 5 9 88 66 99 3 111 2 1 555 99 4 333 11 33 4 555 5 2 33 44 222 5 11 777 99 222 6 44 555 888 7 11
222 333 777 88 444 22 9 2 111 222 666 777 33 33 222 55 444 22 7 9 444 333 3 111 77 9 7 777 444 444
77 4 4 11 9 7 55 666 7 8 1 6 9 6 3 888 99 88 222 77 888 77 444 33 111 11 444 222 8 11 77 555 3 3 88
333 22 444 6 33 2 77 888 77 888 99 3 77 9 2 66 666 888 77 3 888 222 333 55 99 4 8 2 3 777 88 111
7 3 888 44 777 333 111 1 9 3 1 4 8 444 9 888 5 3 888 9 6 88 222 22 33 555 444 1 99 88 55 2 4 8 88
5 44 6 66 99 4 22 55 88 5 99 2 8 555 44 99 4 555 1 666 666 22 3 3 1 66 888 555 5 9 99 111 66 11 111
4 555 66 7 5 77 5 33 444 666 3 1 777 99 8 2 88 111 444 11 2 99 555 111 22 88 555 7 555 77 555 55 66
888 88 111 99 333 99 888 555 666 7 55 66 6 88 444 666 9 6 55 7 6 6 333 66 9 444 55 1 11 6 888 6 8
88 9 888 111 3 666 6 888 8 7 33 55 111 9 2 2 666 2 777 99 3 33 5 9 7 88 22 33 888 99 4 99 5 2 6 4
1 888 9 3 666 44 99 333 5 2 22 66 666 7 333 8 888 99 22 222 666 444 777 9 5 3 3 22 8 11 6 5 88 33 8
222 333 6 11 9 6 222 2 888 99 99 33 6 5 22 77 7 44 7 33 66 66 22 222 44 99 2 99 5 777 99 333 1 666
555 88 555 555 2 888 8 111 111 222 88 9 4 6 44 6 66 9 222 99 55 2 777 888 888 4 66 4 444 55 11 8 7
11 7 3 77 9 1 1 888 66 2 555 777 6 99 222 77 8 99 888 8 2 777 111 111 88 1 777 9 888 11 444 66 66 4
44 44 77 99 66 44 444 333 44 3 3 8 1 99 7 7 333 66 77 99 66 6 2 555 44 66 66 4 333 4 22 3 3 9 555
3 777 333 111 9 99 6 55 3 555 4 99 55 8 77 33 666 9 9 666 99 333 222 55 2 8 3 777 333 222 99 11 9
7 555 888 66 4 7 444 99 66 8 333 88 44 444 5 6 99 2 44 33 9 55 222 444 777 3 8 9 888 7 88 4 111 33
222 9 555 55 44 7 9 222 99 8 777 33 22 888 88 888 88 555 88 77 33 11 9 2 222 8 111 222 111 9 8 11
22 44 33 7 88 7 222 1 4 88 666 7 44 888 111 666 333 333 77 444 99 5 99 4 888 9 222 222 555 2 5 3
22 3 22 777 22 9 4 7 99 777 555 44 333 8 3 4 88 3 88 66 3 2 22 4 3 666 7 4 7 888 111 88 33 333 88
99 88 99 666 88 9 444 88 222 55 99 88 99 2 33 77 555 9 77 222 5 5 88 99 88 8 99 8 77 666 66 66 88
22 8 444 111 22 22 555 66 1 777 555 4 1 2 5 333 6 888 99 44 7 66 6 3 3 99 6 7 6 555 1 8 66 77 777
88 33 99 66 333 444 888 3 33 6 8 44 5 44 4 666 555 2 4 777 11 88 22 666 4 444 555 99 11 33 333 666
8 88 4 777 55 5 22 4 777 22 7 9 6 88 6 99 66 33 111 3 33 7 33 6 666 888 66 2 55 8 8 55 9 444 3 7 6
666 3 1 2 99 222 9 2 33 99 888 666 8 3 3 77 8 55 777 333 3 666 55 44 99 888 8 44 99 8 222 6 77 55 3
11 111 1 88 66 888 8 9 5 55 555 11 7 111 77 44 777 9 66 777 555 555 9 222 444 11 2 8 222 4 8 7 777
333 333 111 44 55 99 111 5 3 777 44 11 111 44 99 555 333 3 3 666 11 66 22 333 111 33 66 6 222 888 1
5 8 2 33 55 33 33 666 22 333 22 55 2 3 33 666 5 333 33 9 66 22 4 888 333 55 444 666 111 111 6 2 9 1
555 2 22 777 5 66 55 5 777 2 55 9 7 666 66 33 7 666 66 555 33 8 99 777 444 1 9 99 666 444 8 333 2 6
4 8 666 4 888 333 1 5 4 111 3 33 8 7 66 44 88 666 1 11 6 22 6 4 7 555 6 66 66 9 33 22 99 222 22 88
8 22 333 3 3 222 3 1 888 1 7 444 9 4 555 888 9 5 7 8 3 5 99 33 444 333 77 555 88 44 222 2 3 6 44 3
6 55 777 33 55 6 4 444 44 5 9 55 111 44 55 55 444 222 44 555 5 2 3 99 333 66 55 33 55 333 333 9 99
77 666 66 444 1 22 9 3 22 4 666 33 33 333 333 88 9 44 5 99 88 1 99 66 11 66 33 99 55 44 111 2 99 66
4 11 111 888 99 2 444 7 33 99 1 5 222 5 3 2 5 5 66 333 2 3 77 888 7 6 1 555 8 555 555 777 777 666
77 2 3 2 77 444 222 55 22 888 33 9 9 3 888 444 99 33 22 6 44 3 8 99 3 6 888 2 11 333 77 11 6 22 777
55 5 666 55 666 6 99 111 666 88 66 1 3 6 888 666 333 8 111 44 66 55 55 222 333 222 6 3 1 2 7 99 777
3 7 11 7 1 9 666 77 33 44 9 7 8 22 99 6 333 9 888 7 3 666 3 555 6 222 333 55 6 1 3 3 11 1 33 11 777
333 99 22 777 555 555 88 111 5 666 111 99 666 44 5 99 22 9 333 666 9 99 7 1 888 555 444 44 444 666
5 111 4 444 2 111 66 9 3 99 8 7 11 555 6 5 222 22 1 44 222 777 55 222 888 8 7 666 2 555 111 8 77
555 2 3 11 2 5 1 888 111 66 3 11 44 8 3 444 33 666 6 333 4 888 333 444 2 44 33 1 888 6 222 222 99 4
77 1 3 4 111 55 4 5 777 222 11 2 33 8 22 88 5 6 9 7 9 888 6 8 99 6 22 1 444 33 9 666 55 33 88 55 9
77 77 7 111 99 77 9 666 5 99 1 55 6 4 55 55 333 88 555 6 88 66 777 9 22 3 88 4 111 666 666 8 11 1 9
2 77 2 666 77 77 222 66 2 1 9 8 7 9 333 6 88 4 11 888 7 555 111 66 555 777 99 7 11 6 44 333 88 11 9
8 333 2 9 88 444 6 99 2 444 11 666 99 6 7 8 88 555 66 55 55 88 44 4 8 99 99 8 555 888 666 3 7 444
777 1 777 77 111 88 111 22 4 77 555 555 11 7 666 555 777 99 22 5 77 5 9 222 44 7 5 55 3 777 77 444
888 1 111 99 1 44 444 888 88 4 99 1 55 55 111 888 6 333 44 44 666 333 333 88 7 888 111 8 3 5 66 88
777 444 99 444 1 55 777 66 7 8 77 44 2 77 3 666 99 1 7 33 22 444 5 666 77 777 99 11 333 44 22 6 5
2 1 111 9 666 88 666 666 6 111 99 1 444 11 888 333 77 555 666 1 9 7 8 2 555 5 3 99 44 33 22 66 222
66 99 99 5 777 4 4 8 888 9 44 88 5 77 7 4 9 6 2 222 11 3 33 888 55 111 777 8 3 555 55 777 3 88 888
888 11 1 8 777 666 555 3 222 11 7 444 99 99 99 77 7 33 3 5 44 9 9 111 11 666 44 444 777 77 55 88 77
9 55 7 3 66 777 66 777 555 1 88 7 888 222 222 777 55 777 99 66 77 111 666 11 33 555 555 44 88 9 666
222 555 77 777 8 33 55 6 5 333 55 555 9 222 88 333 4 3 111 1 111 777 55 4 11 3 44 5 99 888 7 3 3 7
33 66 1 44 1 77 9 1 777 5 22 666 555 33 55 33 666 33 888 7 99 66 8 77 3 333 33 3 88 5 666 11 33 2
99 66 888 222 222 666 33 66 99 6 55 77 555 888 33 3 55 333 555 333 888 666 333 44 666 222 66 5 88
77 555 55 222 444 88 11 9 55 2 22 6 7 333 444 44 2 6 2 9 9 888 3 2 666 3 9 66 33 777 33 111 66 11
111 44 9 22 7 666 4 88 555 4 77 777 4 9 6 66 5 99 7 6 22 55 4 555 22 44 111 2 9 8 4 99 333 5 555 77
666 88 444 9 7 88 333 9 333 7 4 11 55 5 66 555 33 9 11 7 5 5 99 444 444 22 777 66 666 5 99 5 88 555
6 5 111 888 222 55 11 88 333 333 11 9 11 77 55 11 55 777 66 444 8 6 1 888 66 9 333 777 33 22 888 66
44 777 9 77 1 77 99 6 77 333 2 77 55 555 99 77 888 777 888 2 333 2 111 88 33 9 77 111 8 4 666 222 9
3 333 555 99 222 222 3 44 33 8 6 9 9 77 33 333 4 1 11 99 6 88 99 444 11 111 1 11 99 9 6 777 888 66
444 7 11 222 9 5 666 22 33 77 888 666 5 1 3 666 9 22 33 777 9 7 55 8 4 99 4 77 1 2 222 11 2 333 777
2 777 4 555 333 3 44 6 88 55 222 555 3 4 66 55 5 11 44 3 3 3 55 2 222 77 444 55 7 9 555 33 99 444
44 66 11 11 2 777 55 11 99 44 22 333 9 99 444 777 555 11 9 9 6 2 444 111 88 88 11 22 99 888 22 99
4 888 333 7 77 888 555 777 666 333 666 555 7 8 888 2 7 77 22 7 88 666 4 9 11 555 8 5 3 6 44 1 44 44
777 9 99 777 2 8 666 2 88 88 444 99 777 555 1 2 222 7 777 2 77 222 66 444 111 222 1 444 6 66 444 8
333 333 55 6 99 88 2 8 4 4 1 666 5 777 9 666 55 111 77 77 111 3 9 77 666 4 5 555 666 111 99 444 44
4 9 5 33 77 2 22 777 55 9 888 44 22 555 77 2 22 22 33 22 6 888 5 666 2 666 77 4 666 77 666 1 99 1
222 8 9 11 11 77 8 9 111 22 777 99 444 555 888 444 11 222 8 333 666 2 888 88 99 7 333 3 6 88 222 22
555 66 4 3 888 5 44 666 555 55 5 99 6 2 555 3 66 44 44 555 666 77 888 22 444 3 444 55 22 22 7 222
333 5 5 88 8 777 55 33 888 333 9 88 222 66 888 2 4 9 77 11 9 6 5 6 2 88 222 11 555 333 666 222 1
66 66 4 77 1 2 11 666 444 5 666 888 2 22 8 2 333 444 555 99 99 111 222 333 8 333 88 11 77 888 4 44
88 99 6 9 22 66 66 4 99 6 55 222 4 666 8 666 66 777 4 111 88 8 1 11 11 7 777 88 222 44 777 22 333 4
99 333 99 6 11 7 333 2 9 4 2 555 3 2 8 33 9 4 66 5 99 5 555 6 9 5 444 666 9 8 4 33 222 7 777 2 1 6
77 111 33 6 1 7 7 77 4 8 33 4 88 77 666 2 666 55 99 99 777 88 9 55 88 333 7 99 9 66 2 9 99 99 333
888 9 3 22 77 1 555 22 11 77 66 555 777 222 8 333 1 1 7 222 55 555 222 444 333 88 555 33 7 6 4 7 8
9 7 99 7 66 99 444 7 99 6 33 5 3 777 555 99 55 88 7 3 444 99 77 888 99 9 99 3 44 3 77 66 6 9 99 3
6 111 8 888 22 1 555 666 99 5 22 11 9 55 33 55 888 222 444 9 9 77 9 333 33 33 99 77 444 111 333 22
88 33 33 6 55 444 555 22 2 777 777 1 3 4 777 99 77 99 2 888 8 666 6 222 99 44 444 88 7 7 7 88 222
555 77 666 11 2 3 99 6 222 33 9 9 3 9 666 555 2 33 333 777 777 6 33 333 33 99 3 5 99 77 3 777 8 444
22 88 888 33 66 99 22 11 4 111 11 666 9 444 7 77 9 2 5 8 66 66 9 44 55 333 3 444 11 888 99 7 111 77
99 99 11 4 777 666 2 33 9 55 99 9 333 111 444 55 6 4 3 9 4 11 666 777 66 222 7 4 888 555 777 99 88
3 3 99 333 222 6 8 99 444 444 9 8 555 77 22 9 99 11 888 44 777 22 777 44 33 9 22 11 888 55 11 22
8 66 555 1 6 1 666 222 4 55 222 55 777 11 7 333 888 111 33 333 4 111 777 6 11 88 555 222 77 7 77 22
77 11 2 6 111 444 55 99 4 3 111 5 333 4 7 33 44 1 55 8 77 777 2 66 3 44 22 1 11 888 9 666 11 8 888
11 1 99 77 44 6 33 3 6 77 77 222 66 9 9 888 555 111 333 7 444 11 22 888 6 444 5 3 11 22 22 1 99 888
222 88 222 11 22 5 22 888 888 888 33 33 4 66 2 333 6 22 66 666 333 666 99 22 88 1 11 55 4 111 33 66
333 88 99 444 55 444 8 9 7 77 4 2 444 1 3 555 11 333 2 55 5 44 7 666 2 77 555 6 1 9 666 99 55 33 5
11 222 666 77 6 555 9 77 888 2 11 99 88 222 44 55 6 666 5 6 1 55 3 66 888 111 99 6 99 7 6 99 888
5 333 44 5 9 2 6 555 99 333 1 9 5 333 55 88 11 5 5 222 5 88 888 222 66 222 1 666 4 55 7 2 55 444 44
33 1 3 8 44 11 99 3 5 333 7 66 3 555 3 11 222 55 5 9 99 6 44 9 3 777 2 1 99 111 4 9 11 4 555 1 222
99 66 55 5 777 3 555 22 11 1 11 55 77 3 111 9 1 888 2 44 99 7 7 77 11 555 2 2 88 33 33 99 44 111 66
222 33 111 99 5 777 33 33 55 555 11 3 5 333 5 8 33 6 1 33 666 44 9 222 555 44 1 22 7 66 555 11 9 33
5 3 22 222 444 3 1 33 777 77 66 7 555 99 9 666 22 2 77 44 8 333 99 33 77 99 888 888 11 33 2 222 888
11 55 8 66 7 99 1 99 2 444 222 4 99 11 888 4 6 2 777 1 66 77 1 22 8 666 99 99 555 8 33 9 99 1 2 33
111 9 9 666 777 111 5 66 99 11 555 111 4 33 2 333 7 99 333 22 7 11 444 33 111 11 666 99 222 9 888 7
9 1 55 666 9 777 666 2 11 22 5 77 4 4 111 77 4 66 55 555 666 77 4 888 9 777 44 888 22 55 111 7 22
99 9 222 88 77 9 3 5 1 555 1 66 555 66 222 3 6 77 11 9 666 777 222 99 99 77 777 33 2 88 55 9 22 2
4 6 888 9 555 1 7 11 3 1 99 555 333 111 555 9 666 55 77 7 66 55 4 555 222 33 9 1 333 666 99 3 66
99 44 77 8 3 9 22 444 555 222 333 222 6 1 2 2 333 888 555 888 99 99 55 888 3 5 2 66 1 222 8 22 222
44 33 111 444 555 2 3 777 77 66 9 555 4 444 66 222 555 888 555 44 111 55 44 1 333 7 33 55 777 55
1 9 4 888 99 4 2 8 555 1 2 3 8 9 44 6 666 222 77 888 55 99 99 4 8 111 444 6 66 88 555 22 44 6 1 4
333 222 8 99 3 111 333 11 9 7 555 2 555 1 77 444 2 66 555 666 5 444 333 333 8 22 8 77 4 1 6 55 11 9
7 222 33 3 55 777 111 44 22 333 8 111 555 5 11 2 222 77 3 22 7 111 99 111 5 77 55 33 2 22 77 44 6
88 5 55 2 55 6 88 1 22 5 88 777 88 8 22 88 111 111 88 9 6 99 4 333 11 4 99 7 4 3 444 333 222 777
22 9 333 4 77 2 222 555 99 8 11 44 333 222 9 44 111 8 1 55 555 44 888 444 22 111 555 11 9 222 22
8 3 55 888 1 99 33 7 11 444 8 888 1 55 55 44 222 2 5 444 3 333 66 3 111 99 33 555 7 555 8 1 8 888 7
8 66 777 7 333 333 99 6 111 888 22 555 4 44 77 1 2 3 666 11 1 44 22 3 4 99 99 666 8 2 111 77 77 444
8 1 22 22 3 2 444 7 777 2 11 4 8 666 222 9 88 8 33 2 99 3 777 9 1 333 44 99 11 666 22 5 222 5 222
1 77 11 222 222 2 555 33 888 2 55 99 11 66 888 88 8 9 88 22 99 77 99 111 11 444 8 1 99 22 66 111 1
11 888 9 77 111 66 44 666 99 22 99 666 555 11 77 6 55 1 8 66 77 444 222 666 7 333 3 777 9 99 33 333
111 77 11 1 5 99 222 66 99 88 555 5 333 11 1 666 111 5 44 3 666 333 111 33 99 55 1 2 99 888 99 33
