1 UOZ
2 CRX
3 HSN
4 BDJ
5 FAL
6 EKQ
7 PYM
8 IVT
9 WG
100
444 99 444 55 2 88 222 777 8 555 99 9 3 1 111 8 6 77 3 5 44 666 666 11 3 2 8 444 44 44 555 444 33
666 666 555 44 666 77 7 222 33 44 444 777 9 22 9 11 555 6 22 333 9 99 888 2 99 8 55 777 444 99 111
99 33 555 777 66 666 55 6 1 555 99 1 44 4 2 666 888 5 99 9 55 66 666 77 9 88 5 33 8 6 66 8 444 888
77 22 55 6 5 4 1 99 333 8 99 99 9 888 5 666 5 444 33 22 111 6 222 5 2 9 555 22 8 44 9 4 5 444 3 33
88 444 555 22 8 777 666 2 222 8 3 555 333 1 3 222 66 9 777 888 2 9 8 6 88 88 77 99 6 666 44 888 66
66 1 44 33 55 888 7 8 77 333 333 7 222 88 9 444 2 4 444 9 7 99 888 7 333 33 888 88 5 1 22 4 888 33
8 99 3 44 3 8 9 77 44 222 33 66 33 555 222 4 11 4 9 77 777 11 8 2 99 2 1 444 8 3 555 4 6 666 77 99
9 66 11 222 3 6 5 66 22 1 11 111 4 888 111 5 333 8 33 111 444 333 11 111 2 9 77 11 44 8 55 9 8 444
444 99 44 888 333 777 888 55 777 44 33 77 3 9 9 33 77 888 88 333 666 4 22 222 8 22 2 555 555 1 222
444 8 222 444 33 88 33 7 555 8 99 9 44 8 2 8 33 333 22 5 555 11 7 99 9 8 22 33 1 22 222 333 111 7
2 2 66 3 444 9 33 77 8 444 7 888 22 6 4 88 8 77 33 222 111 2 55 5 6 9 66 9 44 4 6 111 33 111 88 66
333 6 666 8 222 99 22 444 111 888 666 444 7 44 66 888 333 666 888 333 11 333 8 55 55 6 9 333 9 4 9
6 88 1 99 88 5 6 44 77 444 22 9 444 444 666 1 44 555 111 777 777 44 55 22 77 777 2 6 666 77 11 22 4
888 22 22 99 4 33 9 444 11 77 555 555 88 5 5 1 11 111 9 33 77 333 555 333 7 1 8 444 777 6 7 44 6 1
88 55 777 88 11 777 555 888 11 777 77 1 666 44 3 22 44 111 88 88 1 777 4 444 1 9 7 777 22 333 88 7
2 777 888 8 4 444 77 33 66 888 55 77 5 11 555 8 666 444 99 11 444 66 9 99 33 55 55 777 22 8 444 666
4 9 555 7 44 4 9 7 88 44 9 3 22 55 7 5 2 444 11 5 5 444 9 22 99 8 555 555 99 6 6 11 8 1 6 4 7 666 8
11 3 666 99 3 555 3 2 66 666 77 222 22 88 555 66 777 222 88 33 44 9 22 11 777 222 6 44 2 88 777 4 4
9 333 444 9 88 777 666 7 1 444 55 99 8 11 7 99 2 444 666 333 888 666 99 44 8 333 9 55 9 222 88 99 4
8 4 888 88 777 777 8 2 2 99 7 99 33 444 22 55 88 555 1 77 1 666 9 77 2 88 2 111 333 777 9 9 555 5 7
6 99 11 8 7 6 3 666 6 77 3 2 2 666 9 99 8 7 99 88 5 99 7 2 444 88 11 88 888 44 4 22 6 444 444 555
111 222 33 222 55 444 5 888 555 3 111 9 99 666 99 3 9 666 2 77 7 22 444 11 222 99 888 777 99 3 8 9
44 44 5 88 777 333 6 33 99 77 2 444 55 55 11 2 44 777 5 222 222 99 6 4 2 99 333 55 333 777 11 99 55
4 2 555 6 2 333 99 3 66 55 777 777 7 333 66 333 55 4 333 11 66 888 555 99 99 8 4 66 888 66 2 9 6
99 111 222 99 222 6 77 99 99 5 4 66 444 22 88 1 444 11 222 9 4 22 88 888 99 222 888 4 2 8 666 88 99
44 888 33 9 33 8 99 11 4 77 3 11 66 2 777 3 888 3 777 99 111 111 1 88 8 777 444 2 555 88 44 888 333
333 111 6 222 2 444 11 99 666 888 33 777 3 88 8 55 22 9 33 22 55 888 444 3 5 99 22 2 111 9 333 44
666 1 333 444 444 8 11 6 44 777 77 3 77 99 77 6 77 5 5 1 22 22 44 66 6 222 555 8 6 111 4 1 77 77 99
44 33 888 222 444 7 9 99 88 777 9 1 1 7 2 222 777 2 55 444 888 333 33 222 77 4 77 44 666 7 222 8 99
33 111 6 777 3 44 1 3 888 4 1 9 77 5 555 777 5 9 66 44 22 55 44 555 666 6 8 6 7 555 66 5 3 222 666
4 1 7 11 111 99 333 22 9 22 33 555 2 888 6 33 777 55 66 55 22 777 333 666 55 222 11 4 666 66 66 444
888 55 1 5 11 777 7 3 111 8 3 6 444 77 6 11 444 88 666 6 22 44 555 555 33 22 22 55 555 666 444 33 2
77 55 888 11 99 66 666 33 99 66 88 88 22 7 5 666 11 222 777 77 9 666 88 5 111 77 222 6 4 11 222 33
666 111 555 77 44 7 111 9 77 55 888 555 6 555 99 77 8 222 33 4 666 555 888 333 1 4 55 1 99 33 99
2 6 88 6 888 333 9 222 66 55 444 44 444 2 22 444 9 7 8 33 66 222 444 111 777 2 4 4 222 99 33 4 777
4 77 99 88 3 1 9 99 666 3 77 6 8 4 44 22 6 9 222 8 8 7 66 111 666 1 99 9 5 66 333 8 33 444 4 99 44
7 777 777 88 111 7 6 9 44 444 3 44 7 2 9 333 22 2 8 6 4 4 9 555 111 1 55 77 2 555 9 3 77 222 111 6
66 99 4 22 77 555 4 1 9 777 55 9 8 222 2 8 222 888 2 88 666 33 77 33 7 7 3 66 777 333 88 333 8 333
33 8 99 22 99 4 222 44 22 777 77 2 77 7 5 7 8 9 1 2 333 111 44 88 666 99 3 444 222 55 444 444 2 66
99 1 8 9 4 11 44 1 88 7 2 5 4 555 66 8 44 222 11 8 77 55 5 66 111 888 888 2 22 777 9 7 8 555 3 444
99 44 2 1 44 4 11 9 11 6 55 2 777 99 2 444 88 333 66 1 55 555 4 2 4 9 44 7 9 4 2 111 111 777 99 22
6 6 55 5 222 11 444 777 77 666 1 77 5 7 2 444 5 222 99 77 1 555 8 222 99 6 5 5 888 11 7 88 2 77 99
2 555 555 33 4 22 666 666 2 3 5 99 22 111 99 9 6 33 9 333 111 8 6 555 555 44 666 99 3 3 4 2 99 3 44
66 99 4 666 9 111 555 888 99 33 9 88 2 8 6 55 666 555 33 444 555 555 1 6 88 66 666 11 66 55 11 7
4 4 55 99 111 11 3 555 5 22 9 22 777 55 99 99 66 888 55 33 99 222 444 222 2 111 222 5 33 5 44 9 2
44 99 66 88 888 5 9 66 22 888 222 9 333 5 99 222 66 6 88 11 22 99 5 11 5 9 7 2 666 888 333 555 2
44 3 55 333 77 11 333 222 444 4 222 7 6 1 4 222 888 44 7 33 333 99 66 7 55 888 4 9 444 99 11 3 4 66
111 88 666 444 99 2 88 888 8 6 7 333 222 7 888 88 777 6 44 6 555 444 222 1 2 5 555 333 4 1 6 99 11
7 8 222 3 777 333 8 99 8 7 11 111 2 55 2 9 3 222 888 444 66 666 2 8 666 555 66 9 66 66 3 11 11 77 4
222 111 33 11 777 55 88 7 7 88 6 6 99 5 444 4 99 22 11 2 8 9 6 3 44 33 33 222 6 55 888 7 99 99 6 2
666 5 222 88 77 333 1 99 333 9 33 777 6 99 5 9 222 5 333 9 666 55 7 555 1 666 444 666 33 11 99 7
22 5 333 555 888 6 777 44 7 22 333 888 777 44 3 4 333 11 77 33 666 3 888 77 44 666 5 55 44 11 7 1
55 444 555 888 444 66 2 33 111 444 99 7 44 1 4 4 6 77 88 99 33 4 11 33 44 8 777 77 88 444 99 88 444
555 555 22 2 6 33 4 44 22 2 3 3 11 22 55 99 9 3 77 5 99 111 555 888 7 22 777 777 333 9 44 1 66 22
6 88 77 8 9 9 777 666 111 33 22 888 77 2 99 44 55 22 2 1 9 1 9 222 66 3 33 7 1 4 8 99 333 888 888 9
111 222 22 3 11 666 555 4 888 111 88 333 22 66 4 111 99 11 8 222 5 8 33 99 9 888 22 88 11 3 22 111
8 444 77 77 77 33 222 77 444 33 666 555 555 777 2 222 4 444 66 1 777 333 777 99 88 444 44 444 7 33
77 9 8 55 4 888 44 4 5 444 55 2 3 55 99 666 4 5 2 9 666 555 33 7 111 55 5 44 2 5 8 666 444 111 8 3
8 888 8 44 1 888 333 1 222 2 333 77 6 4 3 44 9 77 22 22 11 4 777 111 3 2 9 6 88 222 88 9 99 77 666
11 555 33 333 33 8 8 111 77 222 99 222 555 2 99 33 77 33 8 111 22 66 7 9 8 22 22 66 4 222 1 4 2 44
3 5 6 44 88 1 555 99 99 2 555 22 333 444 222 888 1 99 66 5 9 55 55 777 555 7 4 777 777 444 99 66
222 3 222 222 11 9 55 5 8 77 6 9 99 88 5 888 5 8 7 33 2 33 9 555 3 111 33 11 222 33 5 666 66 5 3
888 22 111 44 1 777 22 888 6 77 99 666 33 55 444 222 1 77 888 33 444 111 5 88 11 44 9 666 3 333 888
7 6 2 3 9 66 555 1 22 444 11 33 444 555 2 11 2 11 666 11 9 111 8 5 3 88 11 9 333 99 77 9 7 888 111
888 6 9 77 777 33 22 99 666 99 3 666 7 7 4 55 4 666 99 5 77 3 111 444 55 222 9 3 2 11 77 44 66 7 4
44 33 2 1 555 33 888 2 5 9 8 5 7 111 8 88 777 888 9 55 6 3 11 1 5 5 8 4 777 333 3 4 9 8 111 6 66 22
333 666 55 6 6 5 222 9 7 88 6 555 44 33 4 1 555 777 666 3 77 111 888 222 33 5 8 5 9 3 99 333 444 6
22 55 4 11 5 8 8 5 11 88 11 6 8 7 33 55 4 44 666 22 333 5 222 444 555 6 3 9 66 99 5 66 6 1 1 888 8
99 555 8 9 333 7 22 5 4 666 9 55 777 555 444 333 99 5 1 66 4 2 8 777 2 11 111 555 88 4 9 4 55 888
88 111 22 444 66 3 88 77 5 2 666 333 9 333 66 55 9 5 111 9 55 22 222 22 333 99 44 3 9 44 444 44 333
11 888 99 444 222 9 4 99 111 222 222 44 33 4 22 5 4 4 111 111 77 555 11 8 777 99 99 2 4 99 66 777 3
22 88 77 44 666 6 11 333 6 666 44 4 3 33 888 66 333 88 44 44 3 1 777 2 444 88 33 222 8 555 77 444
33 2 4 222 7 4 1 888 99 4 44 9 66 4 4 444 2 99 77 55 8 99 777 7 1 66 7 4 7 33 8 88 111 2 8 77 222 2
888 33 33 9 5 888 333 1 777 444 5 6 9 1 888 8 99 555 66 333 1 99 77 6 9 888 8 55 2 555 8 444 8 9
77 6 77 555 55 2 333 99 22 22 3 444 1 22 222 1 99 1 77 888 888 5 8 4 6 5 11 8 222 7 777 777 444 22
11 66 111 77 111 55 77 66 11 5 1 55 5 11 6 777 3 888 44 777 666 111 33 4 66 9 111 333 99 444 555 9
111 555 222 5 44 222 4 11 222 888 66 555 88 88 77 2 33 66 77 666 11 55 444 33 22 33 66 6 7 44 11
11 11 22 777 88 666 22 1 9 888 66 77 88 9 22 222 7 55 5 444 666 888 77 5 6 44 666 11 222 333 888
9 55 9 88 33 8 55 555 4 555 666 4 5 9 111 444 2 222 333 5 99 33 2 88 44 88 4 11 44 555 99 4 888 22
5 555 3 8 99 4 777 6 333 7 111 7 11 777 222 11 2 6 88 6 444 9 8 888 88 777 777 7 444 99 888 222 77
888 6 777 33 777 333 44 88 9 2 222 8 7 66 11 444 3 777 333 5 555 99 99 4 66 111 4 444 77 44 9 66 88
6 222 11 222 555 888 666 666 9 99 222 55 777 888 7 8 333 888 888 9 22 66 77 222 111 1 3 77 5 2 22 5
4 99 2 88 111 88 22 77 55 555 77 5 2 222 55 333 222 666 11 8 8 7 55 2 111 5 3 66 666 88 11 5 4 444
8 111 666 555 666 9 44 4 444 9 222 5 55 555 55 222 7 777 44 22 33 77 8 2 99 66 1 55 22 33 99 99 2 5
555 6 8 2 99 33 3 88 66 111 5 77 77 1 111 11 11 9 6 55 8 222 777 444 77 2 6 777 44 9 6 66 888 22 55
8 55 99 6 333 88 555 7 555 77 5 88 888 6 3 44 7 22 444 11 222 888 44 99 9 777 44 33 22 444 9 666 7
11 666 77 111 66 222 1 333 777 888 7 1 8 8 222 77 4 888 222 777 77 2 33 333 5 333 7 777 2 55 222 9
666 555 444 9 333 333 777 5 555 22 777 777 33 8 8 33 555 44 444 11 55 444 2 7 111 444 9 55 555 333
666 8 4 8 4 666 1 333 5 99 11 6 222 4 44 88 2 2 44 666 66 88 88 111 8 111 22 99 55 77 22 99 2 5 44
99 888 11 11 777 44 99 44 2 1 44 444 888 6 44 777 9 222 9 333 9 11 66 9 77 333 3 555 666 7 22 88 4
222 555 88 333 77 1 555 666 3 33 1 777 444 2 222 3 55 222 777 44 55 9 99 44 777 44 99 2 11 44 99 99
777 777 666 88 666 7 22 111 777 9 111 4 99 99 22 5 1 555 22 88 44 555 777 9 6 444 66 44 3 444 99 1
777 44 8 11 22 88 22 666 3 44 22 22 33 222 222 88 444 9 555 777 22 6 8 11 555 666 444 5 6 5 88 888
11 33 66 7 9 9 7 888 99 99 22 555 44 11 99 1 99 444 44 7 4 333 333 666 5 4 111 99 222 1 66 1 666 6
777 4 555 111 222 7 3 777 9 1 33 333 1 444 33 9 888 55 3 111 33 444 22 888 4 99 666 111 888 99 111
11 6 2 99 99 55 3 3 22 6 44 4 11 6 777 555 888 66 777 33 1 555 6 99 66 9 66 7 66 77 77 5 7 222 66
5 222 6 1 44 666 666 33 2 66 5 9 444 6 11 444 44 1 99 1 1 9 33 11 55 8 4 666 444 55 1 4 6 2 11 9 66
33 555 44 9 5 5 333 888 66 2 11 888 111 2 444 7 8 66 11 8 9 8 1 333 1 111 888 33 6 888 55 3 88 3 55
9 1 22 99 9 5 222 11 4 2 4 22 99 22 5 666 77 77 88 44 222 111 666 2 1 6 44 9 333 444 77 9 666 22
88 66 9 9 8 9 7 22 22 666 9 22 8 9 9 77 22 111 666 66 2 666 11 11 77 8 77 444 4 666 444 55 777 11
