100
3460506 3460506 3460506
4448202 9361000 7089682
7053441 7908806 4683277
2542630 2248864 2542630
30708 30708 1215887
9757147 1844858 4358668
2495834 2495834 2495834
6523759 5669967 1530166
1075742 1075742 1075742
3447980 9437546 3447980
4687263 7558233 7276679
4835679 3552051 4595101
8701048 693621 8701048
8073888 5898520 77900
1593971 259017 8768126
8743448 1442439 1573474
3297271 3301340 3297271
9722331 9722331 7654477
8318045 7689796 5668102
657402 4056387 3540423
3726728 8379048 1947702
4483963 7102378 3265248
539234 4527135 1122441
1517326 1517326 1517326
5303822 1040049 5303822
2458461 4470001 486702
8228820 8228820 9373289
9765063 3376665 3150408
4668057 4668057 4668057
3138155 3138155 9052544
1525851 1525851 1525851
7620160 7504913 8180050
8758268 8758268 8758268
1973949 1973949 1973949
1005062 1377673 539098
2253614 4589974 4589974
34128 769021 9509130
3802240 4623189 4623189
9914123 7039936 24963
6119024 9199730 4586121
8884071 1241339 8884071
6869367 3936044 8564767
4355462 4355462 4355462
4341408 1783889 4462982
9323619 9323619 9323619
5651073 6911991 6070212
5576024 7447895 6545219
5601321 5601321 1306826
4403708 4403708 4403708
790921 300411 3729199
1585830 4896323 6117005
2663062 7965106 9466070
1201812 6986073 9907375
2621324 4856723 8447153
4979812 4979812 4979812
2624590 2624590 5511639
6517342 9174395 6324936
5969688 5969688 4661817
7099689 6716864 6716864
5624911 5624911 5624911
3051817 3051817 3051817
8679429 2104601 9847184
1294379 9369076 1294379
3076679 3076679 9893767
7971113 2666683 9410632
1714812 131422 4059091
9199609 2781632 9199609
6248585 6248585 9469793
240335 240335 240335
6582854 6582854 6582854
3864764 3864764 3864764
5676920 2897065 9479356
1825399 1825399 1825399
8126996 8126996 8126996
1231031 2208482 1231031
4950161 397468 1848583
481837 481837 481837
7127997 7589769 9487825
6877418 6877418 6877418
5663947 9514952 9514952
9199733 538148 3692130
9115294 9547507 4515305
8630492 8630492 4761093
5796093 5796093 620311
3897689 505486 8071070
6580485 2282113 6190639
2959623 277465 277465
7802133 7802133 4507153
558655 558655 558655
5625095 5625095 5625095
9992805 9992805 9992805
7659491 2580327 1037984
4893805 5064261 4893805
5950858 5950858 5950858
6399271 4154325 2819703
3565251 3565251 3565251
8217449 3206099 9365017
8911702 8763881 5154408
5221329 9023524 5221329
9469564 6425055 2065001
