1000
4203652 6506414 7589110
2247447 526639 7545063
8741114 8741114 8741114
6574124 6574124 6574124
8487941 5790064 4767928
2622057 4047479 4047479
304992 3035090 5409389
9788264 9788264 9788264
8041958 2394964 2671416
6801549 7693176 4978374
822000 9732748 2579829
5901232 5901232 5901232
8052847 8052847 8052847
6938391 1652093 5151484
5295208 2287247 6396212
4677071 72182 5187058
4553777 124656 124656
986736 986736 986736
4707914 5339606 7721458
927431 7456082 7456082
7733180 7733180 7733180
6551233 5791275 8126985
4021965 4021965 4021965
7868330 7868330 7868330
4474438 8981349 4474438
9327960 5371671 658638
5827875 873667 6912809
1721593 9304307 9304307
9536738 4296936 2683267
6525579 3579586 8897377
8209411 7275309 392469
4595911 6563537 6563537
7803713 584737 3753838
161037 318924 318924
9556551 7082110 7082110
2625212 4442306 7467385
4967486 5208612 5522957
8943776 4924205 4924205
3076417 3076417 8635456
6922809 5829314 327526
7977932 7977932 7977932
3654169 1798136 3654169
8039197 4565787 780515
7988559 7467706 7467706
9680467 9465188 4945196
8525017 7879699 2989699
2943036 1299381 7497382
6181870 6181870 2350127
8442519 9446000 9764352
251894 7360124 815988
2776119 6096041 8039135
2857921 2857921 2857921
3370246 7060102 3370246
3978289 5909142 3574019
8659483 3033206 3033206
4900438 4900438 4900438
1992542 1466325 1466325
4781200 4781200 4781200
5336033 5336033 5336033
5628619 4951786 762978
7855986 7855986 7855986
8786407 8841148 6445324
8865690 6486149 3208938
8753648 6343795 6828854
7658965 5999403 7029233
2619170 959972 4554484
1690311 7370795 1690311
1626311 2004872 4650994
5493392 3944792 8967417
6910381 6818296 6818296
8380290 8379709 8281061
4265136 4265136 4265136
5820080 5820080 5820080
6106921 6106921 3689128
9273206 9706728 4454415
4125243 5439751 5439751
4023378 4023378 1912099
2925856 1200553 9219492
6598574 7651496 162294
9881076 9881076 9881076
5951609 1724528 8819991
2964472 7060141 8435053
5537958 6243469 9811881
6864101 9005346 2189854
9746524 2493023 7423875
3013485 3013485 3013485
9864650 616080 2947355
4544639 2756650 4361121
7650892 7650892 7650892
2509002 1195061 2509002
4197213 4197213 4630988
7127102 7127102 686444
1519315 1519315 1519315
8622868 6485421 5132095
2453011 5583622 9350558
383946 1032260 5155557
6010629 9269954 5949674
2732749 2732749 2732749
8315281 8315281 4182020
6939862 8088926 6522829
9024801 9024801 9024801
9874109 4201298 4330603
5046138 5046138 5046138
834156 5151697 6981214
2806281 9135783 9135783
5418733 903209 9200281
9942774 1960021 1960021
3408060 7411569 8099737
6797230 6797230 6797230
8140226 6646708 3067662
9561130 4896790 9561130
4032713 4032713 4032713
2281035 2281035 2281035
5202824 5202824 6039986
150341 776810 8040603
3479053 7592932 4385332
395691 3463515 9050712
7186815 7186815 7186815
6906485 225051 4641684
9648586 2249229 1477122
3063258 7761561 3063258
4897491 4897491 4897491
4210601 4243255 12838
947999 947999 947999
2908196 2071431 6410711
681336 681336 3531588
5495230 5495230 9775988
7636104 7636104 7636104
665146 9830742 6612364
9368025 5882291 7635661
939183 939183 939183
867094 867094 867094
9088518 3117365 344394
117455 117455 3500421
2246097 1716835 8280708
3370891 3370891 6371173
6949824 3355632 5735532
2911480 8664484 2911480
7384916 8576590 9846839
5374759 6603992 8524913
6616088 6616088 6616088
4851948 6506505 3617691
5477966 5587327 5587327
3420474 3398967 629333
1144940 4676347 4676347
6126414 6126414 6126414
3219533 5870308 3687044
6885827 935324 935324
2757130 449014 449014
6770226 4061675 2835268
9065455 5046274 6588866
3635777 5809337 1861481
5541629 5541629 1622688
1803622 1803622 324456
73040 73040 73040
7726422 7726422 7726422
1034283 6947113 4863603
6891140 6891140 6891140
6622232 1429462 1429462
9669319 6912712 5170591
4278834 4278834 4278834
3039941 3039941 3039941
8958386 8958386 8958386
7252491 7252491 7252491
8833935 9725398 4870385
9926811 7817587 3425884
9734481 8097041 9734481
5007988 5007988 3004047
5096566 5096566 705125
1942378 2815342 1942378
9352307 3382549 73426
7140012 3070949 764231
1106134 3490353 6608107
7063032 2574809 2574809
6538007 6538007 6538007
6734015 965923 6945152
4267160 4267160 4267160
7372558 2975663 3821597
7168431 5413190 5413190
5014306 5014306 3647609
2198370 4937068 7900580
2073040 2073040 8333402
1279690 1279690 3403952
9850292 8488669 3022082
4222232 9187713 4386970
270359 270359 301650
5428471 6158910 7037919
3372821 3437904 9988196
9177987 9177987 3293050
9039621 4177981 5113728
596828 596828 7850418
1861550 7885240 7051597
5020351 5020351 5020351
1113175 1113175 1113175
4212342 9906798 9906798
964112 964112 964112
4680287 7886989 6212426
1564762 1564762 1564762
4292134 9695645 9695645
2425313 8577541 4206969
4024984 4900922 4900922
5999722 5999722 7662118
4306024 6911373 4306024
2810833 52828 9288668
6288609 6288609 9586221
9545063 2400740 2400740
2776452 2776452 2776452
6826832 6826832 6432743
4312369 9471051 684695
2600384 2600384 2600384
6800832 7967863 2502352
9356935 9550896 8957856
7622984 9458349 9458349
6136401 8701257 9873354
5629496 2730689 5629496
7158769 7158769 7158769
3095632 2075668 2327608
9719837 9719837 1618629
5207054 5207054 5207054
5271787 5271787 2649715
3215010 4119734 958177
139163 8106809 8106809
2398642 7097963 4208286
9928404 5435464 4516178
8089964 7031222 2594922
3657151 3657151 3657151
9441305 9298884 8099216
9255175 263894 7350394
4304510 4304510 4304510
2237835 7192678 7192678
4524330 4524330 1875690
9818450 8922096 2347852
2936851 7116028 1950951
1335308 3691806 9068886
7292556 8197967 9388280
5987021 5987021 5987021
6677075 4075328 3704192
2519685 4072243 4072243
7299851 4930789 8304130
6322441 6322441 6322441
6248776 850341 99957
7559925 7559925 7559925
6958184 6958184 2164848
1854307 1854307 1854307
495425 8119268 8119268
5162691 485233 2752593
766219 766219 4204481
4390561 8908698 4348519
3935371 1550246 9770608
219858 8281178 8281178
1218085 1218085 1090387
2245467 6767126 9713884
2279702 2279702 2279702
8794161 8794161 8794161
157084 9338791 9338791
2411088 2411088 2411088
5072684 6180415 5927264
3069198 3069198 6001939
1429856 1429856 1429856
2848353 5764567 5764567
5662955 2229877 6242195
7603110 4292739 5120967
6405979 7641139 7641139
4468553 6793442 8691480
9698933 33063 4912203
7399263 7399263 9129724
936265 936265 6724879
2170539 2170539 2302746
6343248 4572567 9501203
5718435 5718435 5863673
545310 7163995 563217
581457 8692480 986856
1879747 8738793 8738793
5970181 9042346 6606223
554358 554358 554358
1637752 774470 7238338
9794457 512434 6797156
5577723 5577723 5577723
3340428 3340428 7093444
8010733 3915916 5682678
6757130 6757130 6757130
6565645 2922155 867751
9151733 4227611 6244197
5910249 6365958 6365958
1091145 1141227 1141227
8203186 8203186 8203186
8932576 2767714 4948787
3642589 89161 8120191
808687 808687 808687
2441859 2514711 3445175
9653103 4344385 4344385
6620639 227213 6620639
1966856 4957275 1966856
3571497 8198780 8916273
4358866 3369449 4358866
332298 332298 332298
7699102 5097884 945603
3869987 3869987 4221514
3290588 4643476 3290588
457894 5929039 9931293
4075929 6499030 1987282
6148239 6148239 6148239
7069498 334212 7069498
1896298 1896298 1896298
336746 8966026 1073618
8794286 5251716 2417211
1373213 5134983 1373213
4956157 8154910 218341
9815209 3308675 89980
1719502 5444325 3911341
9936965 9936965 9936965
1209764 506840 4173276
7936620 5295679 2462810
6784753 2850179 1905027
1008957 7015916 2441826
274503 4485231 4485231
4302485 4302485 4302485
727382 204790 3020138
693678 8629848 2580245
7682155 9138370 4984414
8068488 8068488 8068488
9276291 4600630 6194654
797457 9099148 7897398
2585152 2585152 2585152
7610098 7610098 7610098
3521387 6411095 4865617
7648278 7648278 7648278
8961497 8961497 8961497
4239162 3225665 3225665
1555003 1410317 1410317
1316611 2986706 9044616
5892694 9161333 8178742
5469058 5469058 4361928
1026203 190725 5959675
7241781 8724593 3024491
7901626 8830729 8830729
4088252 3633503 9114837
5698678 8255487 8255487
4663707 4663707 4663707
548231 7935014 7935014
5647183 6101758 5647183
991543 169364 142681
6534301 5922503 3753418
3278888 3278888 3278888
3251714 8632497 8632497
5132676 5132676 5132676
5029699 3994969 2667580
1751038 7357573 7357573
5881164 5881164 5881164
5611013 3833993 5611013
8887267 1926561 8550326
450610 7437314 9186933
6569885 6569885 6569885
9605459 6562859 6562859
921250 2391599 2922241
8446297 2986152 8141375
5975188 3385282 3385282
1549127 6746819 6528016
6721194 3372295 9603826
4448303 798282 4448303
4030450 6469110 5321693
6549361 4108057 6549361
6228702 6228702 6228702
2375852 2375852 2375852
9718024 9333491 3995819
2608077 2608077 2608077
6982902 57241 7532297
2529163 6268080 1703110
2392112 2392112 2392112
9911795 6602932 2709878
899332 4081294 5397335
85431 6249472 6249472
3368124 3368124 3368124
5931128 5259597 8585569
1594748 1594748 8106895
5844166 3402721 7492682
4126138 4126138 4398229
5082624 6127939 6127939
4573806 2953149 6223829
8904076 8904076 8904076
2360704 6130650 5596832
3428100 4410902 4410902
3398764 6545969 3398764
7448416 7514656 6119608
3319826 7253892 9621514
515350 515350 515350
6527451 9046685 6527451
5898752 9791799 1249204
2231609 4856289 4860396
6153043 7421371 9776900
1270384 4888200 4888200
2665593 7078250 6380774
2393716 8823367 432047
4910906 4910906 1298935
2496719 2496719 2496719
8932707 227640 227640
479566 2003429 2003429
5554203 6877645 6877645
3918181 3918181 3918181
1583986 1583986 1583986
4339780 1712003 3725254
9997152 9997152 5859117
7898918 179863 7898918
7398253 6881192 2776207
3612001 9541063 7809172
1156238 6894130 9557294
7114642 8436006 6472902
8216685 8216685 343523
4324436 2812378 9833458
4261329 9530632 9530632
4775873 4775873 4775873
1495715 4508930 5610926
3925809 9633092 9958226
8636559 7946162 7991509
8657950 8657950 8657950
9210819 8220876 5498975
293761 3516452 852985
65198 5748068 2109091
949206 4872602 7404925
4729598 4729598 4729598
9586912 3699030 6310480
5258947 4644728 5258947
8782434 5493304 1336480
4266016 6265148 6265148
7524072 6295457 7294401
8008717 8008717 9890384
5895223 5870187 2587695
6916091 6916091 6916091
9048540 3708862 2450500
8996080 1203225 6658772
8015084 8015084 8015084
4500999 1123176 8963686
3445894 356668 8385280
4988761 1341288 3150650
562415 3470374 3470374
8981726 813719 1754511
4637226 3377048 9832888
4345399 9407305 6369669
4572298 4572298 4572298
8534056 7462735 7379004
5222908 9565463 3387860
2029331 2029331 2029331
3291229 3291229 3291229
2469565 7981009 5030877
3319246 9922750 1395171
5205333 5205333 244992
9897227 3048494 1289833
3148495 7621142 7621142
9574023 630639 9574023
8481595 1108772 7883930
934936 5216656 5216656
7330642 7686195 7055632
7285308 8953754 6332600
2340644 4995171 1871946
4071238 3109646 4358268
2867460 302967 3508142
9594610 2732206 5758190
9132942 4286576 4822129
9394878 9394878 9394878
2204750 2204750 2204750
6997912 4435360 6997912
1544752 3734476 3734476
4435232 1144234 9672485
1406 1406 1406
2247757 2247757 2247757
2845530 884549 7768754
4287728 4287728 4287728
4741232 2179001 8485183
4385700 4385700 4385700
7198209 7198209 8101814
6688354 6688354 6688354
987179 3852649 5297474
5376499 6879415 1951561
2640285 5933959 2640285
8939046 9818582 7371032
5164690 5164690 5164690
3678177 3678177 4076849
9750762 5347768 3457803
2958587 5813019 5813019
6176326 6981629 9813200
8955312 8955312 8955312
8790585 4895955 9705160
1205645 9869582 3710970
2344749 6251859 6981449
7831012 1196254 3454216
8767829 8767829 8767829
8347509 5124884 1331455
7674656 5083852 7029594
4920295 7432193 7432193
7887356 5033522 1494421
8682242 8682242 3875448
2778922 6693998 2778922
4362561 5229733 5186167
3684336 7717346 3684336
8566384 8566384 8566384
5367916 2927640 2169848
5233580 7962953 6630758
4961095 7767691 5344244
442096 352185 352185
8446364 7664591 4087589
609582 609582 609582
6797446 3175169 6797446
676414 1363324 1363324
4442940 8432347 6907767
4595883 4595883 7376627
8414053 2058986 8353428
8589703 6438459 4623996
1852501 1852501 1852501
809833 8859106 3366007
441447 441447 441447
7615101 1760165 1007272
9447889 7352015 9447889
6887567 6887567 9636346
9004079 8011053 8011053
3256625 333457 7986822
2069713 2069713 5203927
7493585 7493585 7493585
3205984 3205984 3205984
898690 9865497 8013257
9810083 9810083 9810083
4074977 4074977 4074977
1441481 2730754 2730754
9975767 9975767 5754350
2859612 6144387 1431993
4526142 4526142 4526142
8679851 2662637 8679851
3986041 2042610 2042610
5650334 8650000 2795836
9791307 8834698 1218498
5509181 4275504 1315339
6199622 8365531 6931768
6937767 2606033 5541182
2342437 5595436 2733911
779993 779993 9021586
9955026 6477191 4791110
6009273 6009273 6009273
81446 5297396 2677159
1348368 1859417 5716929
4107575 8514295 9525772
7504839 5107674 6771718
9012886 1361279 9012886
2829273 5334991 8770680
4976032 1209401 4976032
8041922 8041922 8041922
7643111 7049241 249040
338135 8858355 9311165
6052997 4285553 3382026
8435400 9120967 8435400
3292069 6126478 9195729
9556046 9556046 9556046
5974459 5974459 206505
2004535 9046439 8121354
9301372 9895388 9895388
1502694 1502694 1502694
8093318 8093318 6342056
4345026 4345026 3740085
5151299 5151299 5151299
1018841 1018841 1018841
683451 3867820 9403554
7032931 2522255 6482887
343798 343798 343798
2964593 1413414 4838475
5109912 5109912 5109912
520142 410949 410949
2187501 2187501 2187501
9697353 4159799 9697353
6504656 6504656 6504656
4097784 7744714 6073602
6595764 1798039 1798039
7375556 7375556 7375556
6695918 361517 6695918
6899076 2529299 2301173
8851913 2020179 8078069
5566393 9919805 2570205
7768662 4396116 2235567
5613280 5613280 5613280
3785646 3785646 3785646
582711 445975 2523076
8695718 5906391 5906391
221165 4707688 441056
3208686 6067255 6067255
8788166 3340832 5222551
3866615 5608347 9896626
4345888 4345888 9104948
5695102 4649546 376322
6462422 6462422 6462422
3210569 5306876 7233494
2118699 2118699 2101764
6886249 6886249 6886249
5655124 1882433 5655124
6698605 7655046 1469608
3035091 52687 93267
4851453 8361502 5873677
5534849 1328784 4412618
2462955 4477529 3682277
1353209 1353209 1353209
9161036 339239 9781974
9616586 3650910 3714992
4342038 452925 7302595
1344540 183209 183209
7040543 2574121 7507291
3583720 3583720 3583720
1597778 1597778 2311411
8931643 8931643 8931643
4772364 7480047 1083562
1147446 2905535 2905535
2491401 8735092 8735092
2201966 9608924 1738702
6167254 6167254 6167254
2828898 3373538 8113877
7238452 3381402 9478077
2798629 2798629 5798418
2970741 4494204 4494204
1891850 7868287 5111592
1106657 5463751 5463751
4865106 7269693 1375319
5841091 5212971 5212971
7689350 2996326 5583515
9668661 9668661 9668661
9437711 399801 1802194
3120739 3168058 7919076
3651841 1831512 6968736
5484768 2910336 3807020
8287278 8287278 8287278
9275703 8739654 8739654
3471610 8329961 5684704
139306 5720422 5720422
6571370 6333367 7436
4211214 7985659 5421376
9806718 4201008 6511994
4881467 9313634 9313634
2862884 4637788 4637788
1001733 8054363 2126082
841368 1619547 541552
806147 6013748 2379185
9108265 7028955 5664960
9579323 9579323 9579323
8962217 2032965 7038393
1687404 9126612 9126612
1868329 1868329 1868329
5431311 5985695 2356467
8606937 9758096 1546893
6656534 6016143 8998973
9079334 8126365 9079334
2981978 1421886 1876793
4570483 1061254 1061254
9971232 898128 3989691
5734330 9072207 3064678
5736177 5736177 5736177
7794296 7794296 5478063
3071563 9019387 8527835
8506800 1758873 7323567
8152306 4488714 4488714
7424290 324288 568318
5650704 4214927 5650704
2794957 2507618 6379892
5883959 5883959 7801108
2028741 297693 273435
8697024 805997 3158989
6288377 1524089 3203725
5313097 2439776 8333240
6349456 6349456 6349456
2307882 4666208 1466054
8178155 13908 4963507
8253335 8319114 3474060
8305355 4374287 1697492
3430734 3430734 3430734
3341061 3341061 2314751
3493873 3493873 3493873
5364513 7923845 8198544
2831101 1037582 2831101
2392716 6522934 7496526
3259821 6561886 9101952
1646667 1004084 1004084
8414189 8414189 8414189
1906527 1906527 1906527
3930144 3930144 7008893
984828 984828 8726196
8222028 6836647 9966584
9739722 7899260 7899260
2588664 2588664 2588664
3080869 589358 5235771
3496786 7436920 2343036
8461792 6158690 982803
467388 7317995 6659585
3357188 4612102 499343
4570046 6052639 3639736
9008942 4397257 9008942
8659289 8659289 8659289
8741938 7249123 9446541
2401080 2811640 2811640
7533588 7533588 7533588
2975321 2325979 2290760
5014753 7388738 525525
9884144 4046797 4046797
9443638 9443638 9443638
5475902 5475902 5960070
3797251 3553933 6905777
1306775 1306775 1306775
2398486 8191439 2140775
6540383 1613160 6669307
6821433 6821433 6821433
9633092 9633092 9633092
8038636 5724721 5724721
3220711 3220711 3220711
7608116 4606047 4606047
3790690 7040257 2129349
5607809 3287746 8495049
8752972 1372788 6852157
6357646 6357646 6357646
6405279 7464877 9563957
4303026 4303026 2773884
8925730 7635485 4425656
9291848 5533096 5533096
4428157 304017 4633700
1377651 859794 8289508
7851413 9676156 9676156
1074648 5793172 1829827
9595504 3410728 5960884
798915 5556894 5469554
3577232 3577232 3577232
8716392 8109746 5314839
6885717 5634412 6885717
3852287 3852287 6995462
6453488 775236 775236
1621584 1621584 1621584
2616712 4012552 7033316
2437486 3707271 9406336
1908589 1476864 1908589
9565486 9565486 9565486
2096266 2096266 2096266
2215690 2215690 80542
1668996 5387846 2850058
9465596 5983841 8030883
1368788 5795734 8524993
5932133 4996568 4996568
5972363 1932599 7852078
6784464 6784464 1573310
7439113 7439113 7439113
75217 75217 75217
8103935 8102227 5114035
957254 957254 8150826
603734 66229 603734
6485590 3070809 2495483
7279889 7279889 8911047
6931061 5742468 5742468
3813713 670253 3813713
4507546 5047151 4507546
8167138 8042262 5952398
6489117 4186682 3631673
6434685 6031418 1835114
5649769 2053170 987932
4989003 8648261 8648261
6796981 5354673 6271448
8208100 6395366 6919746
6286334 3595480 6286334
439617 8581884 1731901
8581062 2240556 4495394
9857024 4299855 8490302
73641 73641 73641
7456500 8101457 7456500
810817 3497996 9659383
6041818 728076 1159816
8482995 8482995 8482995
1964457 1964457 1964457
7084633 9551458 7084633
901959 18771 9311818
3049702 7087314 1785678
9619522 5152211 9619522
5236049 5236049 5236049
5611705 3848500 7920662
2485743 2485743 2485743
5317593 3327059 3503507
4257198 6494636 5965867
3399161 6722516 6123663
7383651 8659466 3881154
2736290 6281430 7297067
155377 4636587 6085421
7581068 7581068 7581068
6975296 8083274 5021293
7542949 5618793 7164690
1583469 6168560 9323244
7277789 8135635 1831172
9118418 2596089 3003859
2678519 2489648 4701012
4961171 4961171 4961171
9770593 5112129 2089448
7487380 6694724 7487380
549619 549619 549619
5224156 1434665 4262206
6686453 2581985 3120252
3340239 5497411 9581298
5733192 5733192 5733192
5475467 6953407 7690125
6772389 1580186 7357197
3186669 3186669 7516551
2638776 2638776 2638776
6399753 3486047 8171473
371659 7082830 910797
7891747 7441779 8175542
764621 808979 7399853
3264145 3264145 3264145
6750927 3308789 1379347
8233142 9435128 917699
4794910 7864562 7864562
8537096 3908112 2029567
6236168 1131751 6236168
3536331 9842690 4435426
2680959 1479157 5978545
8060902 4172030 4966056
3151844 5702796 2449707
1919403 3268321 1411533
8409152 231921 563882
1510937 3732794 4225406
6309900 1823372 7359230
5861183 8068122 5861183
517434 5138876 5714131
5454853 5454853 5454853
1939091 6003349 6003349
341845 3236071 4368624
4426274 1956046 3750326
1869646 1893553 335272
237707 237707 237707
9701743 9951415 8724039
3794849 4392452 9450167
4661011 4661011 4661011
9502798 9502798 9502798
2902555 5773959 3174361
9539886 9727265 8073587
3264513 3264513 3264513
50274 1136455 5491127
4583120 2446557 4583120
4261712 9055275 8410308
5445724 5445724 1560094
7184808 7184808 7077132
3734570 2650855 7705954
531217 7308854 4892728
9856430 7619528 7619528
4113505 4113505 4113505
9610575 4035347 3154417
6151046 7707234 7707234
5911115 4672589 7111234
4691407 5066559 1704959
494474 494474 4586531
3800317 6006175 9400257
9069821 6809578 9937577
9914131 9914131 9914131
1470771 1470771 1470771
4502459 2070818 5679171
6247821 1654868 1165907
9260946 1129118 1129118
3375131 1202601 5484656
4461693 4461693 3430127
5417886 5417886 5417886
7677739 8321677 9678466
9367271 9367271 7510568
7814545 3706353 7814545
3112927 3112927 3430262
9065017 8015116 4887997
2715500 2715500 2715500
9198019 1764270 2810453
1670732 7395476 7395476
635626 3943249 8499458
7517493 4197478 6756823
6259041 5749240 9828870
9705454 1816547 6897911
6479590 6479590 6479590
4173324 3486014 2071180
6017426 6017426 7024730
9536204 9536204 3242485
1883526 4325442 4325442
538542 2723972 407607
6363874 6363874 9317361
6486853 6268108 6358949
1268123 7956829 4576904
7071866 6568560 6568560
4123837 5314163 2387914
6773797 6773797 392050
9262414 9442526 9773718
2627888 5328718 9182147
7004871 2850905 3981834
2338644 838282 7441210
3996305 9639782 7916103
6294858 6294858 6294858
895496 9555560 4536203
4031652 4643687 4031652
8123993 8123993 8123993
1780572 222259 5917951
5752460 6409912 6409912
7736492 8732051 3293129
7835898 7835898 8587831
2144696 2144696 9898221
7875924 5999830 8104180
7669660 2514381 7669660
7050728 7050728 6247420
352191 352191 352191
9833703 9833703 9833703
8957344 8957344 8957344
6366050 2891908 3414603
4880685 613531 4880685
734258 734258 734258
5767136 5767136 2186727
6282533 1763312 6282533
8991635 8991635 1573588
5923525 7004148 9661022
8610110 1223476 1113343
7472249 348392 4585485
6762361 5634366 6762361
4305076 4029200 1195966
2955489 2955489 2955489
6461319 2004546 2004546
1663680 5247204 3341472
3177099 3177099 3177099
3700589 328144 328144
7058671 5688755 5688755
2515759 75450 75450
2527708 5082095 3803695
6353018 4564940 6353018
5635491 2362223 5233332
7337827 3549133 3549133
1240525 1240525 1240525
9321375 2477823 9863897
9973197 8221997 8221997
3106331 9759610 2125522
9613849 4915047 4915047
1609870 7930505 9472076
6614563 3447238 3447238
3225545 3225545 3225545
1364073 990338 1364073
102197 102197 3069427
9798974 9279459 1086798
8675664 8675664 9554746
1302162 8532433 1302162
6091866 6091866 5585271
6188475 6340786 9092169
8854187 5318852 1420398
8187713 848470 9556289
2870022 1208718 2870022
8974236 4866890 8388715
201740 201740 1999832
225575 225575 2130177
3199814 3199814 7616992
4482728 7431036 5342800
6187057 4191098 6187057
7846330 7588258 5087068
1204528 1204528 1728475
1217442 1217442 1217442
1497187 4357950 4357950
2876723 2876723 2876723
2237199 4181486 4181486
7442320 4668698 4668698
1105211 1105211 5268039
6070055 3049819 5693035
2685338 9820630 4598941
6371891 4382686 4382686
4337885 4388683 6314211
2505707 2505707 3332211
4600056 1396277 8795220
767074 1532703 8280712
527373 7743673 3567883
8782677 5103681 3333322
4096626 4096626 4096626
1657079 8285689 8913001
2761811 2761811 2761811
4315552 4315552 3499517
4371291 750919 1126954
2357339 815313 7592452
2893846 1375559 1375559
1301212 1301212 1301212
1706667 8134296 270942
226163 226163 226163
4184085 6031633 3551723
9175839 8188762 1807596
8311565 5557430 3707546
4218560 9790802 1305308
7151525 9102218 2098672
3257736 8561303 3257736
910917 1816793 9361210
1559916 6384922 6384922
3438404 1342787 1342787
2794179 7995868 2200147
6543929 1797263 9083231
7916410 9761231 7916410
3026241 8653647 4299612
7438204 727890 4286763
3021058 3021058 3021058
7999993 6586182 7999993
6734875 6734875 6779421
1089245 1089245 1089245
9335681 4259911 9335681
5455914 5455914 5455914
3561091 4431403 4431403
6544532 6544532 6544532
1385867 1598463 8331380
8799054 8799054 8799054
6039466 5595285 6103213
8285804 9716458 1915194
3283221 1689227 9706125
1777841 7237392 7237392
9411455 6257589 9411455
