1352
1341
1384
1346
1382
1318
1335
1378
1390
1336
1338
1369
1344
1395
1378
1369
1366
1353
1336
1343
1341
1372
1360
1319
1345
1341
1357
1357
1323
1344
1368
1358
1321
1320
1359
1399
1292
1322
1341
1327
1340
1361
1389
1354
1356
1348
1311
1339
1365
1356
1345
1320
1358
1343
1394
1335
1341
1310
1353
1379
1354
1391
1389
1320
1333
1317
1427
1312
1334
1301
1381
1332
1347
1361
1335
1371
1322
1335
1348
1343
1350
1344
1362
1301
1411
1400
1331
1368
1323
1296
1357
1347
1320
1362
1334
1323
1298
1348
1270
1368
