434 30 4920 30
75 40 980 40
3683 35 98 35
41 36 917 36
38 28 633 28
2294 35 272 35
78 42 741 42
859 46 571 46
11 29 2916 29
546 33 2159 33
267 45 189 44
1285 39 1155 39
301 30 889 30
496 32 3456 32
500 46 3040 46
1038 35 1358 35
1952 34 2044 33
340 34 1 34
1775 50 2203 50
272 33 6346 33
1244 45 294 45
524 33 1069 33
469 1 967 26
1441 30 1629 30
316 41 1184 41
3202 30 1256 30
63 49 1533 49
4160 36 870 36
1245 28 348 28
1257 30 799 30
731 41 171 41
80 37 402 37
1768 38 215 38
1943 47 791 46
1409 43 137 44
217 45 829 45
1536 33 1762 33
1554 27 983 27
135 37 123 37
2610 38 2483 38
2063 47 265 47
2632 41 706 1
645 39 447 40
632 34 254 34
31 47 283 47
3654 32 3899 32
2138 50 1947 50
465 26 3161 26
1157 46 1513 46
383 33 542 33
1274 48 102 48
69 43 1343 43
650 40 52 40
1824 36 3094 36
106 49 580 49
1164 49 199 49
861 32 93 32
738 45 2042 45
986 30 1178 30
2071 36 441 36
850 1 154 47
1026 34 262 34
858 51 1644 51
133 49 326 49
2602 51 373 51
524 32 2301 32
144 31 705 31
1683 45 67 46
452 39 164 39
628 35 672 36
358 34 1660 1
1652 38 161 37
208 40 2103 40
1271 1 1196 36
627 50 196 50
1563 39 81 39
246 45 908 45
958 37 546 37
3143 49 43 49
1163 45 99 45
895 37 1001 37
3641 27 1275 27
725 1 494 38
279 39 43 39
918 32 395 1
1231 35 53 35
19 46 118 46
1989 47 829 47
805 31 313 31
119 1 1313 49
259 41 473 41
531 45 58 1
312 41 30 41
1085 46 136 1
272 34 579 34
2618 32 833 32
1606 45 1151 45
906 26 2117 26
331 48 883 48
1902 39 106 1
